stations	x	y	yield	01_04_2015	02_04_2015	03_04_2015	01_05_2015	02_05_2015	03_05_2015	01_06_2015	02_06_2015	03_06_2015	01_07_2015	02_07_2015	03_07_2015	01_08_2015	02_08_2015	03_08_2015	01_09_2015	02_09_2015	03_09_2015	01_10_2015
2250028	513.337282	7473.079161	5.89	3.1	43.1	33.3	50.4	8.3	31.1	0	0.6	0	148.8	63.9	0	0	4.6	21.4	145.2	1	63.4	106.6
2250030	523.5777351	7460.889753	5.77	4.5	8	54.1	68	3.6	50.7	0	4.7	0	176.2	54.5	1.7	0	4.8	28.8	95.9	27.4	85.7	160.9
2250031	535.8818883	7461.97247	5.77	35.1	34.2	41.5	77.5	0	24.3	3.5	7.9	20.1	149.3	116.2	16.4	1.7	5.7	38.8	88.2	17.5	76.2	103.7
2250032	553.3026758	7459.706826	5.88	1.4	27.6	50.9	52.4	0.7	59.8	0	9.1	2.1	105.4	61.3	1.1	0	2.3	26.2	91.1	29.6	43.6	110.3
2250033	574.8294548	7459.615184	5.66	0	13.1	15.6	60.6	3	47.3	0	10.3	0	136.4	38.5	4.1	0	1.7	38.8	105	41.8	36	75.3
2251023	462.0121787	7484.107296	4.8	0	43.6	0	62.8	3.9	34.1	0	3	29	90.4	73	4.4	0	2.7	15.8	74.5	18.5	59	56.5
2251027	479.496124	7462.001251	6.2	32	25.8	13.2	84.8	22.2	46.2	0.6	5.2	0	194.4	47.4	0.4	0	4.6	31.4	38.8	50.6	73.4	187
2251033	408.7218148	7467.27426	5.8	0	11.8	0	71.9	15.8	49.8	0	0	20.3	110.8	57.9	0	0	0	39.9	68	17.7	122.8	131.4
2251037	427.1247303	7479.55196	4.92	15.3	51	7.1	93.7	0	68.2	0	4	10.1	108.5	81.8	0	0	5	12	85.1	12.2	92	106.2
2251038	476.3894583	7481.92246	6	83.6	8.4	46.9	0	8.4	0	142.7	88.2	0	0	5.7	15.7	131.2	4.8	49.5	87.5	118.4	93.8	51.2
2251039	496.9221675	7473.084723	6	1.6	15	20.6	49.7	28.4	43.3	0	3.9	0	132.1	58	4.1	0	1.5	17.5	98.1	22.4	49.6	115
2251041	418.8599673	7489.473644	5.7	0	72.2	62.6	39.6	2.7	39.1	2.5	0	0	131.2	52.5	7.6	0	0.6	58.6	60.5	21.8	58.6	80.8
2251042	434.2668087	7489.547844	6.2	8.7	116.5	1.7	57	5.3	40.6	2.8	3.9	5.7	113.7	85.5	13.6	0	2.1	38.5	76.4	14.1	49.3	141.6
2251069	438.4290629	7476.280923	5.4	7.5	43.3	2.6	56.5	4.9	44.3	0	5.2	5.2	131.4	110.3	5.9	0	2.5	17.1	73.4	14.3	75.6	110.3
2252010	387.1247653	7474.878545	5.95	25.4	24.5	59.9	71.5	0	53.9	0	5	22.5	149.6	16	0	0	0	33.9	68.8	10	100	98.3
2252013	393.0650171	7505.92149	5.46	3.2	25.1	29.7	62.3	1.6	52.2	6.2	4.7	9.7	135.9	45.7	8.9	0	0.9	6.3	91.1	25	42.9	83.7
2252015	308.8726795	7494.029299	6.2	16.3	62.1	6.2	53.1	6.6	63.7	0	4.5	15.1	117.8	53.2	1.9	0	0	13	102.3	21.4	105.5	99.1
2252017	343.8163864	7494.426342	4	0	25.4	12.6	47	11	62	30	4.5	0	106.7	3	5.4	0	0	18.1	112.3	0	74	133.4
2252020	296.7158813	7480.58098	5	23.3	56.6	0	35.6	22.1	64.8	6.3	0	17.2	92.2	88.2	0	0	0	13.6	108.1	7.3	137.3	119.7
2252023	351.0966551	7485.640522	4	0	37.1	0	71.2	3.1	114.9	0	9.6	15.2	114.5	59.7	1.1	0	0	27.8	87.5	5.1	108.5	68.4
2252024	361.3672433	7485.737509	0	0	50	0	37.3	16.7	64.5	0	0	5	115.1	21.9	0	0	0	25.3	63.2	16.7	71.5	87.8
2252025	315.4441055	7460.884551	3	18.6	72.2	0	51.4	32.1	90.5	0	11.7	0	115.7	139.1	9.6	0	0	32.1	103.8	1.3	90.7	115.7
2252027	343.0518997	7468.94922	4	13.7	68.4	8.7	56.3	4.4	64.8	0	7.6	11.7	153.2	62.1	0	0	0	25.2	80.5	32.8	138.9	124.2
2253002	266.9486541	7479.045667	4	0	60.4	0	71.3	0	111.8	0	7.4	0	103.5	90	2.1	0	0	13.4	139.9	0	112.6	51.9
2253010	253.9396294	7457.789279	6.1	16	105.1	0	66.3	19.6	75.7	5.3	18.2	15.5	218.4	46.2	5.2	0	0	16.1	153.1	0	89.9	27
2253011	266.2473156	7457.98555	6.1	25	15.6	89	102.2	12.5	138.7	0	20.1	14	151.6	70.9	4.8	0	0	13	125.1	0	138.5	83.2
2253013	291.8248394	7462.791965	4.4	22	101.6	0	91.7	5.9	73.1	0	9.5	0	134	83.2	16.4	0	0	29	110.8	3.1	78.4	99.5
2253016	277.1214013	7485.844957	4	21.9	78	4.6	47.1	17	106.1	1.3	11.1	18.7	100.7	106.2	2.8	0	0	5.1	120.1	17.2	121.6	77
2349030	615.3783386	7400.674904	5.7	37.8	22.6	40.6	0	15.6	0	182	74.5	1.6	0	2.5	60.8	92.4	51.1	53.8	163.5	42.1	55.8	117.9
2349036	627.9194467	7433.790254	5.95	3.5	3.1	5.3	70.1	21.3	32.5	0	6.5	0	135.3	27.4	0	0	4.1	35.2	108.7	32.3	48.6	82.2
2349059	604.2165756	7410.723586	6.69	0	2.1	7.3	65	0	33.2	0	14.7	0	162.2	82.4	0	0	0	60.7	138.3	47.7	67.1	190.7
2349060	627.5839585	7395.037147	5.5	1.2	16.6	14.7	85.6	4	28.3	0	14.5	19.8	132.9	73.7	0.4	0	0	39.4	133	87.3	53.4	147.2
2349061	640.6403508	7372.769269	6.2	0	1.8	22.6	102.8	0	33.1	0	18.1	0	141.5	78.7	0	0	0	36.3	119.8	41.4	45.8	165.7
2349064	637.4138707	7355.081444	6.69	7.8	9.1	32.3	102.8	3.3	19.1	0	12.2	0	128.7	78.4	3.2	0	2.3	43.8	114.8	41.1	62.9	135.6
2350002	572.7148526	7446.34051	5.66	0	9.3	19	32.5	10.5	45.6	2.8	45	8	161.4	57.7	0	0	0	36.4	49.9	71	26.3	148.5
2350006	535.7352152	7401.085102	5.42	9.8	28.5	55.2	115.4	0.2	59.6	0	7.7	0	205.2	126.1	4.1	0	2.1	44.5	97.7	12.1	65.2	132.3
2350011	595.2826361	7451.749572	6.94	0	15	0	48	61	33.8	0	11.3	18	88.6	56.4	17.5	0	0	25	197.6	0	66.7	77.8
2350012	595.0987839	7422.964392	6.69	14.2	2.9	10.8	24	61.6	42	0	14.4	10	185.6	66.6	0.4	0	0.4	18.3	103.4	12.6	78.5	165.9
2350018	566.5648165	7445.262054	5.62	2.8	22.6	69.7	22.1	20.9	84.7	1	11.8	0	170.4	64.7	0.3	0	2.6	34.4	51.5	61.5	63	122.8
2350021	537.8198791	7417.686078	5.77	49	19.7	17.8	88	2	47.1	0	9.2	0	223.1	69.8	0	0	4.3	31.2	95.6	24.3	82.2	200.1
2350023	520.4644903	7433.218912	5.52	31.9	10.3	8.5	106.1	1.9	49.5	0	7.1	0	220.6	54.1	0.2	0	5.9	38.2	93.1	25.3	91.5	168.3
2350026	525.605315	7447.602316	5.77	9.3	3.1	24	63.3	0.6	37.1	2	6.2	15	147	46.2	0	0	6.1	46.2	102.5	2	86.9	146.8
2350029	558.2983074	7426.476237	5.26	14.5	8.8	19.7	56.4	0.5	46	0	8.6	0	186.1	51.4	0	0	1.1	29.2	98.8	22.2	62.8	154.2
2350032	508.1747812	7413.304016	5.86	8	18.5	21	123.7	0	44.9	0	10.2	0	292.7	114.6	2.1	0	3	35.7	129.9	0	104	183.7
2350033	566.4160773	7412.049606	5.22	35.1	3.4	18.3	81.1	0	45.5	0	11.4	0	189.4	91.4	0	0	4.1	34.4	101	21	63.3	194.4
2350037	519.3578386	7370.117232	5.95	0	5.3	10.9	105.2	0	25.1	0	0	0	317.6	82.1	5.5	0	0	62.5	129.8	0	54.2	168.4
2350041	576.3318616	7354.427956	5	3.7	1.6	21.7	97.2	1.2	30.2	0	14.9	0	151.2	92.9	6.5	0	6.8	52.9	69.1	26.8	60.1	124
2350042	583.4757481	7357.709982	5	0	0	22.7	103.5	0	19.8	0	12.3	0	122.8	103.8	5.4	0	5.1	69.7	145.6	20.2	45.7	121.7
2350043	599.7186088	7350.96293	5.1	0	16	43.2	104.3	0	34.5	0	14.3	0	131.6	104.2	5.7	0	7.1	64.1	117.8	32.3	36.5	116
2350046	588.6135883	7365.430011	5.2	4.1	21.4	15.1	70.9	0.4	27	0	11.4	0	144.9	84.8	1.4	0	0.8	40.6	117.8	24.4	50.7	132.2
2350048	554.0603978	7386.636403	5.86	9.7	26.8	40.8	96.8	0	38.7	0	7.5	0	174.3	119.7	0	0	0	40.6	92	15.1	59.2	106.5
2350049	570.3809946	7386.566753	5	6.1	33.8	25.5	113.2	0	19.2	0	12.1	0	180.4	106.1	0	0	0	31.3	0	105.2	28.9	105.4
2350052	561.2377373	7395.465154	5.22	13.2	28.5	22.9	113.2	0	45.9	0	13.8	0	220.8	123.7	0.8	0	1.7	49.9	95.3	21.3	64.5	172.2
2350053	578.6483994	7406.453628	6.69	15.3	4.2	1.6	71.6	0	42	0	11.2	0	188.9	74.1	0	0	2.6	32.9	77.7	29.1	39.2	171
2350054	599.0254665	7398.579951	5.95	9.1	24.9	12.1	65.9	0.7	48.3	0	14.3	0	188.7	77.2	0.6	0	2.2	66.7	84.2	37.8	50.5	165.9
2350061	543.7697691	7356.778238	0	0	0	29.6	106	0	13.5	0	17	0	170	124.9	6.7	0	6.1	55	115.6	18.6	73.9	94.6
2350062	562.1162524	7362.246683	5.45	1.6	5.8	29.9	114.7	0	28.8	0	12.1	0	147.8	100.4	0	0	8.7	48.5	122	20.1	49.5	118.9
2350063	568.2419244	7365.540586	5	0	24.3	0	79.7	27.2	21.6	0	7.6	4.8	134.2	71.5	0	0	3.7	45.1	148.4	0	26	160.3
2350066	512.2381174	7384.51731	5.7	3.1	4.6	16.1	110.5	0	37	0	15.1	6	219.6	127.4	2.7	0	2.4	63.3	96.5	23.3	63.7	132
2350067	503.068068	7425.48345	5.77	11.9	3.2	34.2	98.6	0	32.1	0	5.7	0	238	64.4	0.3	0	0	27.2	113.6	16.3	53.3	157.7
2350069	502.0455313	7426.590663	6.6	18.4	0	13.3	121	0	51.3	0	8.4	0	167.9	111	0	0	0	29.4	91.5	15.7	75.7	111.3
2351003	484.6619403	7423.261751	5.7	11.5	9.5	44	63.4	46.3	35.7	0.4	9.9	0	250.9	94.1	1.2	0	1	32.2	75.8	36.8	89.3	170.6
2351004	421.5003805	7378.774961	5.2	0	0	95.8	55.4	67.2	57	0	22.7	22.3	241.5	194.5	0	0	11.2	30.2	177.9	0	92.7	129.2
2351010	484.664234	7421.047664	5.7	14	1.3	24.6	100.5	10.6	40.2	0.1	6.3	7.7	175.7	123.8	14.8	1.2	5	38.4	87.7	18.9	83	115.4
2351013	402.9433063	7409.665285	5.5	28.8	20.6	42	125.3	0.1	59.1	0	12.7	24.8	264	84.1	5.7	0	3.8	49.9	115.6	1.9	122.9	197.3
2351020	439.9619599	7352.290833	4.8	0	0	35	122.3	0	56.6	0	49.5	5.5	165.4	157.5	20.4	0.8	6.9	42	178.1	0	98.9	0
2351023	412.4318813	7361.007419	5.2	0	0	41.5	117.5	0	57.8	0	11.7	0	238.4	213.4	8.2	0	0	35.2	156.9	0	81.9	89.3
2351024	431.7580756	7365.540586	5.4	3.8	9.5	70.8	122.8	0	70.1	0	35	13.1	282.8	227.6	16.6	0	9	50.9	161.7	29.3	96.3	160.2
2351026	458.2212452	7372.284159	6	2.8	2.4	34.6	119.3	0	42.4	0	19.5	17.5	230.1	169.2	22.2	0	12.5	45.7	125.8	22.4	100.7	93.2
2351027	472.5019867	7364.568442	6	6	12.6	12.8	132.3	0	59.1	0	18.1	17	229.8	198.3	21	0	8.4	31.4	120	27	79.2	112.5
2351028	400.0520968	7384.17954	5.1	2.5	6.5	18.5	74.1	0	43.2	0	15.7	9.2	250.4	203.4	2.6	0	5.4	35.6	125.3	17.7	121.9	76.2
2351029	412.2646403	7388.687068	5	13.7	6.3	48.6	121	0	65.3	0	11.6	16.7	234.3	129.3	8.8	0	4.6	32	127.1	18.5	81.3	122.1
2351031	473.3684987	7448.707544	6.72	14.9	21.8	24.7	104.9	0	72.3	0	5.6	0	253.4	63	0	0	0	14.2	89.5	0	150.5	138.2
2351035	476.5204612	7398.89568	5.7	37	14.5	14.6	99.8	0	67.6	17.2	13.9	0	195.4	203.2	21.3	0	0	48	119.8	0	67.7	93.2
2351037	464.3053572	7384.478716	5.9	0	0	65	129	0	51.4	0	17.9	26.6	189.8	185.6	24.7	1.1	6.6	41.9	103.9	0	120.1	84.5
2351041	491.8618553	7347.985428	5	3	6.9	32.3	104.7	0	112.2	13.8	54	35.5	142.5	156.3	26	0	0	88.7	143.7	0	22.6	29.5
2351043	438.8133319	7383.28679	6.19	4.3	2.7	38.4	136.4	0.6	75.4	0	22	20.3	200.2	226.4	15.9	0	8.9	46.9	141.6	14.3	77.6	105.2
2351044	407.0721356	7403.048714	5.2	0	20.1	27.9	134.6	0	63.6	0	25.2	0	235.6	120.1	13.8	0	0	35.9	140.3	0	42.5	193.1
2351045	411.1035946	7411.931173	5.5	24.8	9	54.3	94.7	0	60.3	0	10.6	25.2	243.3	98.8	7.7	0	0	49.1	101.8	26.1	130.9	168.1
2353038	266.5235793	7440.26369	6.1	28.5	93.3	12.4	133.5	8.8	53.3	0	26.4	1.6	150	86.8	9.1	0	0	63.3	102.7	10.1	56.2	124.7
2353041	288.1135353	7435.047011	6	17.3	94.2	0	133	6.7	73.8	0	27.7	0	233.7	99.5	9.8	0	0	36.6	90.9	7.6	73.4	80.6
2353044	274.8189969	7433.744086	6.1	18	122	15	62	42	105	0	19	0	207	73	6	0	0	33	40	72	92	146
2353047	197.7101241	7348.126763	4.2	32.3	86	0	148	13.2	76.5	0	68.1	15.3	265	136.2	2.3	0	9.2	47.6	123.2	0	121.2	50.8
2448035	727.5969914	7264.186223	0	0	18.9	39.9	27.2	33.2	36.8	1.6	52.3	0	20.4	55.2	23	0	0	23.1	87.4	0	77.9	89.4
2448036	754.8583362	7260.386486	0	1	27.9	100.1	23.5	22.9	40.6	0	26	1.5	42.7	33	13.6	0	0	20.4	67.4	14.3	11.8	55.2
2448037	705.2709092	7260.103268	0	0	0	39.9	67.7	5.5	27.2	0	40.1	0	26.5	44.9	30	0	1.5	19.3	98.9	42.5	61.2	98.5
2449000	702.3982356	7271.224828	0	0.2	0	31.7	60.9	0.3	26.6	0	41.2	0	37.6	76.1	24.4	0	2.4	23.1	84.4	26.9	54.5	111.5
2449007	668.8742422	7261.703378	0	0	0	42.3	64.6	0	5.8	0	23.8	0	38.8	114.3	30.9	0	0	30.1	105.9	17.4	26.8	65.5
2449008	674.8445977	7253.874889	0	0	0	55.8	62.9	0.9	28.5	0	29.6	8	27.9	119.3	52.2	0	0	21.6	109.5	10	46.1	43.4
2449011	608.384657	7286.672845	6.5	26.6	0	57.9	87.9	0	65.7	0	15.8	0	43.9	160	26	0	5.5	43.5	140.2	23.3	59.1	46.3
2449019	660.5428032	7329.367934	5	9	6	33.5	101.5	17.6	40	0	22.8	10	120.8	39	11.6	0	4.2	26.5	115.8	33.9	38.1	107.5
2449020	671.6322001	7239.514389	0	6	14.5	50.8	145.1	0	37.8	0	47.3	15	30.6	103.5	48.3	0	15.5	23.5	104.7	41.4	66.7	62.6
2449021	660.0011106	7281.746703	0	11.8	8.1	20.8	61.8	25.7	15.7	0	33.4	0	119	115.5	28	0	0	44.8	51.4	22.1	59.7	75.2
2449023	654.5907376	7250.793825	0	0	0	65.3	62.2	0	33.1	0	31.4	0	39.4	137.5	32.5	0	0	26.2	123.4	10.5	39	46.3
2449024	693.8171711	7237.002874	0	0	4.2	66.3	63.9	1.4	26.8	0	45.4	0.2	52.6	114.4	48.3	0	2.4	29.9	83.2	17.1	54.7	94.7
2449026	619.1366836	7241.178587	6	0	0	71.2	79.5	0	51.7	0	45.6	0	75.1	180.1	22.8	0	0	46.8	88.3	5.3	60.5	39.1
2449028	631.4331433	7259.89464	6	0	0	90.6	50.1	43.1	6.9	0	45.6	0	88	155.3	35.3	0	2.3	31.6	103.5	0	32	57.9
2449030	633.6047076	7275.379339	6	0	0	58.3	83.3	0	35.7	0	33.4	0	59.3	142.4	32.5	0	3	35	102.8	20.1	40.7	58.5
2449032	628.6760484	7289.823232	6.5	6.1	1.8	54.1	72.2	13.8	30.9	0.4	31.6	0	65.7	167.2	15.5	0	5.7	42	115.7	48.5	52.1	50.2
2449036	644.0122493	7302.964377	5	0	16.6	40.2	106.2	0	21.7	0	41.1	0	64.9	143.6	15.9	0	3.5	37.2	71.4	45.9	21.4	91.8
2449040	629.9446489	7317.498307	5	0	3.8	40.4	114.4	34.6	39.9	0	22.1	0	99.5	89.3	14	0	7.2	24.5	114.6	28.8	46.2	126.6
2449044	655.5098622	7333.854032	5	0	5	36	100.2	0.5	28.8	0	25.8	0	111	86.9	9.9	0	4	45.2	123	30.4	72.6	104.5
2449045	637.2441095	7337.363926	6.69	1.6	13.3	44.1	99.9	0	14.5	0	4.8	0	118.2	51.5	7.6	0	0	23	106.4	42.1	48.1	106.7
2449063	654.4412201	7237.503478	0	0	29	48.9	76.2	10.1	34.3	0	33.1	0	72.4	90.1	42.1	0	1.5	33.3	118.3	1.5	62.1	51.8
2450008	508.1236293	7322.520895	5	9.4	1.1	86.2	110.6	0	30.9	6.7	47.3	14.4	146	136.2	18.5	0	13.3	31.7	126.5	19.5	69.1	174.6
2450011	538.5511994	7309.184411	0	3.9	1.4	46.3	68.7	36.1	73.6	1.1	55.5	1	142.7	196	22.3	0	9.3	31.5	105.1	34.2	73.9	72.7
2450021	573.6772999	7237.068603	6	0	5.3	74.3	71.1	0	143.2	0	75	7.8	80.3	212.8	57.1	0	8.7	38.9	106.9	0	58.7	43.7
2450024	600.9538337	7240.217013	6	0	0	74.6	68.4	0	50.3	0	57.4	2.4	58.5	163.3	55.6	0	3.7	29.5	83.6	3	43.2	34.7
2450025	570.8198027	7270.303994	6.5	0	3	82.9	90.2	0	61	0	83.3	0	140.8	173.4	52.8	0	9.5	9.4	118.2	7.8	45	52.2
2450026	588.0547526	7275.742183	6	0	0	61.4	107.2	0	43.4	0	55.1	15.3	61.1	193.2	45.1	0	0	38.2	129.7	10.9	54	68.3
2450031	591.2788369	7304.512491	6.5	0	0	51.3	88.1	9.8	50.7	0	49.8	0	102.8	148.9	8.7	0	8.7	53.2	135.7	19.4	56.9	85.2
2450034	578.1853844	7321.200513	6.5	0	0	38.7	111.3	14.6	19.4	0	33.7	0	119.1	151.7	8.5	0	7.7	14.2	113.1	24.7	56.8	70
2450036	593.387906	7316.679274	6	0	0	33	42	66.5	16.5	0	21.5	13.5	104	127.3	14	0	6	26	117	46	99	72
2450040	518.2380256	7291.510025	4.5	5.2	0	98.4	115.1	0	72.2	0	56	0	181.4	204.5	44.6	0	7	40.7	101.6	8.8	76.9	120.5
2450048	593.5551891	7342.146157	6	0	0	28.7	68.2	55.4	27	0	19.6	14.6	168.7	41.9	0	0	11.4	53.7	134.1	9.7	56.1	131
2450049	511.1036635	7239.476886	5	4	0	116.3	83.3	0	89.5	0	78.7	12.5	137.7	214.3	44.4	0	12	46.1	90.1	0	69.8	51.8
2450054	535.3556127	7249.401426	5	0	5.2	102	108.2	16.3	20.6	0	118.7	9.5	99	80.8	84.9	0	0	23.7	93.3	7.4	35.1	31.9
2450062	530.5086986	7343.526668	5.45	5.4	4.4	29.2	105.2	0	44	0	23.7	4.5	147.9	178.1	14.3	0	5.4	45	134.1	18.9	72.4	92
2451002	436.9626949	7340.098749	4.8	0	0	98.9	28.6	68.6	25.8	9.6	36.2	0	202	212.6	2.6	0	6.2	49.5	47.6	54.1	137.9	67.4
2451003	484.8427718	7253.867564	4.46	0.9	3.3	138.8	97.3	0	46.9	0	79.6	0	137.2	176.4	30.4	0.7	8.3	44.2	82.8	10	88.1	65.2
2451006	451.2161009	7334.618556	4.8	0	8.4	73.3	98	0	49	0	60.4	11.5	197.9	184.7	15.7	0	3	30.7	92.1	23.1	81.7	133.8
2451010	411.1469419	7242.515587	4.6	3.7	27.4	64.5	122.4	0	155.1	0	88.6	15.7	151.8	249	39.4	0	10.5	65.5	77.7	4.1	112	92.5
2451013	422.141506	7262.514893	4.5	5.9	13.5	60.1	108.9	0	108.5	0	100.3	13.1	202.7	168.5	28.8	0	11.4	39.3	86.3	0	164.7	152.5
2451014	434.0152011	7317.940799	4.8	2.6	3.9	84.3	98.9	0	79.7	0	63.8	14	198.9	279.1	11.6	0	4.7	39.8	108.5	3.1	105.5	93.4
2451015	432.1291794	7288.035569	4.8	9.4	13.2	60.6	105.4	0	108	0	82.2	14.8	162.8	266.6	8.2	0	7.8	46.6	140.2	0	115.2	85.6
2451017	457.3974239	7306.958322	4.8	0	0	65	93.9	0	49.6	0	64.6	0	191.8	277.3	16	0	8.5	39.6	103.3	0	63	78.7
2451020	403.3864378	7343.233126	5.1	3.7	3	50.2	96	0	68.2	0	45.3	0	247.7	246.8	12	0	6	46.5	161.5	6.2	57.2	120.5
2451021	403.9629073	7259.078453	4.6	24.1	26.5	30.5	100.4	9.6	121.3	4.5	79.7	4.7	135.3	187.7	36	0	13.2	45.8	64.8	5.8	124.7	76.4
2451022	446.1972682	7317.992323	4.8	0	10.2	90.5	96	0	40.6	0	63.5	13.1	201.3	265	16.8	0	7.5	42.8	108	0	70.9	111.1
2451023	456.3250112	7325.777592	4.8	6	40	20	86	7	32	0	59.7	12.3	242.2	192.5	8	0	6	39.1	127	0	63	93.9
2451026	415.9872481	7276.874523	4.5	10.4	25.6	40.8	88.8	0	130.2	0	63.6	19	159.2	256.9	5.9	0	0	54.7	76.5	0	119	100.3
2451027	433.350201	7244.856073	0	4.9	37.5	41.8	91.4	1	98.7	0	69	13.1	175.1	199.1	54.4	0	8	35.4	67.4	3	134.8	106.1
2451028	436.3900794	7242.655804	0	0.5	6	58.8	82.5	0	115.5	0	58.8	10.4	115.7	184.9	42.5	0	8.5	40	62.7	1	122.6	66.7
2451029	462.6390993	7243.859662	3.2	0.8	15.4	88	81.7	0	111.9	0	73.8	23.9	134.7	197.1	41.2	0	9.5	34.6	73.9	1.6	128.6	70.8
2451032	437.3141967	7261.484632	4.5	0.7	33.5	74.8	90.7	0	143	0	79.8	10.6	154.4	181	26.5	0	9.9	27.9	85.6	3.2	133.9	62.8
2451034	471.7064549	7253.846864	3.2	0	0	139.6	101	0	73.7	0	85	0	149.9	217.8	2.8	0	9.9	31.9	53.5	0	129.5	75.3
2451035	498.9897625	7250.554071	4.5	0	1.6	103.2	83.9	0	57	0	84.4	12.9	137.7	200.9	49.4	0	17.2	45.3	118.1	0	96.4	73.4
2451036	423.0851899	7274.700895	4.5	4.2	7.7	44.1	102.3	0	105.7	0	81.8	14.9	156.9	214.3	29.8	0	9.1	39.2	107.7	0	154.7	98.4
2451038	472.6711126	7277.101215	4.46	2.9	0	41.6	70	35.4	76.8	0	83.1	0	133	220.4	36.8	0	11.7	36.3	104.9	0	83	62.5
2451043	484.811278	7282.655903	4.5	4.9	5.7	38.2	99.7	0	91.5	0	76.5	18.6	121.2	257.6	15.7	0	9.5	31.4	108.8	2.1	90.9	62
2451044	405.7154806	7298.955972	4.8	5.1	9.2	29.7	92.8	0	102.5	0	49	14.2	184.2	193.5	13	0	4.7	38	88.1	1.5	103.8	76
2451046	449.2904925	7304.71702	4.8	0	6.7	123.6	45.6	0	87.8	9	84.4	29.6	156	246.5	0	0	9.8	43.6	97.8	0	91.6	80.8
2451047	469.5625105	7310.31145	4.8	2.1	0	64.7	104.4	0	38.4	0	70.7	14.7	183.1	263.4	27.3	0	7.5	39.6	88.3	0	91.1	93.1
2451049	425.8128171	7333.401782	4.8	2.7	4.6	87.1	94.2	0	33.8	0	43.7	8.9	190.1	232.1	16.9	0	7.3	47.4	149.4	0	89.2	89.5
2451051	466.5847151	7282.624158	4.46	3.4	5.2	55.5	99.9	16	30	17.3	29.5	28.3	164.2	254.1	0	0	5.1	24.1	110.3	0	94.2	132
2452000	328.0915117	7261.666009	4.96	10.3	17.3	39.4	124.4	1.4	126.3	0.3	36.6	11.6	152	248.6	36.1	0	7.6	33.6	98.2	0	84.4	73.7
2452001	304.6252476	7275.756841	7	0	43.6	45.4	103.5	0	62.2	0	25.7	16.8	232	122.7	10.5	0	4.5	0	97.3	0	96.5	52.1
2452007	360.7007919	7339.558957	4.8	24.1	9.3	76.6	61.1	79.9	161.1	0	81.8	9.5	289.2	173.2	14.8	0	0	35.6	83.8	10.9	92.9	73.2
2452008	388.4793809	7298.829724	5	0	18.1	33.7	119.4	0	81.6	0	84.5	0	223.6	187.8	0	0	7.5	38.9	106.9	0	134.6	232.1
2452009	299.4190869	7285.653772	6.5	8.5	41.7	60.5	108	0	74.9	0	77.1	17.1	176	150	10.9	0	6.3	44.4	77.2	0	100.9	43.2
2452010	320.1335276	7330.244516	4.2	14.1	27.1	80.3	127.2	1.6	96.8	0.9	59.6	12.6	129.8	151.7	10.6	0	0	21.6	65.7	0	72.6	41
2452011	317.759164	7278.150575	7	5.2	33.6	26.7	97.6	0	82.9	0	39.4	17.1	188.5	113.3	11.9	0	7.2	50.9	69	0	89.6	55.6
2452012	328.1603879	7256.128155	4.96	0	57.4	11	112.8	0	64.7	0	81.2	21	274.3	43.5	57.2	0.5	9.2	45.1	65.6	0	66.8	66.2
2452014	345.7234459	7313.931392	5.7	12.8	22.2	9.8	157.7	0	102.2	0	74.9	15.5	266.7	220	9.8	0	7.5	44.8	93.9	0	192	64.7
2452015	371.425955	7278.749246	4.4	3.7	20	3.7	122.7	0	130.6	1.3	79.5	13.7	185.8	198	32.4	0	9	54.4	124.6	0.9	149.4	55.6
2452016	378.7852369	7247.805479	4.2	6.3	20.4	0	122.8	0	160.8	0	101.8	12.8	175.9	185.2	7.9	0	9.2	59.2	163	42.8	130.3	61.4
2452019	351.5203391	7246.430533	4.6	1.5	42.7	0	42.1	56.8	172.4	4.7	87	16.8	192.2	145	0	0	0	60.1	49.3	9.8	63.6	28.4
2452029	335.3281212	7334.85876	4.8	7.5	5.5	0	123	0	77.7	0	64.2	11.5	173.4	209	3.5	0	7.8	49	137.7	0	116.2	90.7
2452033	304.17681	7307.87793	6.35	20.4	24.5	23.3	136.3	3.7	121	0	61.1	14.7	246.2	196.7	26.9	0	7.2	30.6	109.3	0.9	119.7	51.2
2452035	342.863395	7297.285935	5.7	12.4	45.7	17.1	111.6	0	57.5	12.5	30.3	20	255	122.3	13.7	0	0.9	22.7	85.6	14.8	56.4	74.1
2452040	332.5789183	7309.351281	5.7	8.3	20.4	36.9	127.6	0	86.3	0	81.1	12.3	228.4	166.2	39.5	0	5.4	35.9	90.2	3.2	147.2	51.7
2452041	374.3638606	7289.850849	4.4	5.3	11.3	24.2	119.7	0	142	0	68.1	11.3	242.5	253.3	22.7	0	7.3	40.8	82.9	9.8	98.2	72.6
2452042	393.616112	7290.010419	4.4	8.5	12.2	14.1	56	60.2	122.8	0	66.2	12.5	214.9	191.7	22.8	0	8.3	33.4	100.8	0.7	134.4	78.8
2452044	378.3402012	7298.745579	5	6.6	19.3	12.4	125.4	0	120.1	0	57.5	12.5	206.6	206.5	24.6	0	9.8	41.7	83.9	0	149.5	74.8
2452045	357.8492688	7319.59604	4.8	6.6	4.3	19.4	156.8	0	68.7	0	38	0	170.7	158.6	21.4	0	0	22.5	56.2	23.5	136.9	56.6
2452046	371.1009214	7314.185511	5.95	0	29.5	14.5	131.7	0	129.2	0	67.9	4	221.2	214.9	6.7	0	0	41	78	0	144.2	43.2
2452047	390.395277	7313.240853	5	6.1	14.4	9.5	27.7	44	75.2	0	36	22	152.3	260	0	0.7	7.5	43.3	88	23	63	37
2452051	336.44604	7239.613144	5.45	8.4	42	8.7	125.5	0	121.9	0	102.2	29.6	223.3	148.5	9.2	0	11.5	50.6	65.1	0.3	73.7	51.3
2452055	323.1763093	7250.526314	5.95	10	11.4	14.1	168.8	0	122.2	6.1	99	0	133	253.2	21.7	0	17.9	56.4	85.8	12.9	70	78.4
2453000	222.6244964	7324.24484	4	24.3	18.3	0	100	9.3	72.9	0	56	0	206.9	90.6	0	0	0	39.6	69.2	0	109.3	40.6
2453001	280.148193	7286.471895	6.5	0	63.3	72.5	134.9	2	96.8	0	57.7	23.8	238	154.4	9.4	0	10.1	52	58.4	0	84.6	46.6
2453008	251.7936301	7342.514972	5.5	29.2	77.8	0	148.6	8.6	88.8	0	61.6	15.1	300.8	92.3	4.7	0	8.5	45.2	112.1	0	111.6	49.8
2453009	263.3372786	7321.657072	6.4	15.2	42.9	98.4	121.8	4.3	71.7	0	46.2	12.2	266.4	141.1	5.7	0	4.7	33	113	0	97.7	47.4
2453010	264.5007801	7312.811744	6.4	42.9	22.6	52.8	119.6	0	154	0	54.9	0	331.1	181.9	5.6	0	0	35.3	74.6	0	79.2	56.7
2453012	267.4926222	7255.2395	7.2	20.6	57.6	23.9	111.9	0	98.3	0	67.7	26.5	268.7	146.4	15.2	0	12.3	40.5	54.4	0	118.1	75.1
2453013	287.4281355	7274.396812	7.13	6.9	55.4	20.8	0	2.4	3.6	0	62.2	33.6	242.2	137.8	16.1	0	14.4	41.8	57.8	0	87.7	70
2453014	290.8848854	7246.74985	6.94	6.9	42.2	12.1	100.3	0	101	0	52.2	30.6	245	164.1	13.1	0	11.8	47.7	49.5	3.7	137.2	88.5
2453016	293.801938	7323.240341	5.7	7.8	30.2	21.8	144.2	0	76.5	0	54.4	11.5	199.4	103	4.1	0	5.6	30.7	111.7	0	122	32.8
2453017	211.6811468	7263.055314	7	39.8	88.8	15.6	122.3	7.5	115.8	0	56.1	38.1	223.5	175.4	7.8	0	19.2	45.1	43.2	2.3	87.5	107
2453026	206.7611345	7256.299964	7.15	29.3	69.3	8.2	132.2	9.2	115.4	0	62.1	38.5	278.7	183.5	6.1	0	19.6	41.9	42.1	4.5	146.6	97.4
2453027	233.0428581	7257.941397	7	28.1	61.4	6.3	113.2	10.1	140.8	0	64.1	44.3	281.9	126.2	9.8	0	15.1	36.9	43.7	1.6	106.5	121
2453028	203.3466815	7273.966231	7	37.6	83.5	34.8	125.9	17	113.2	0	54.3	49.8	239.6	165.4	13.2	0	15.2	53	38.1	1.7	103.7	97.6
2453030	235.7402797	7275.727588	6	23.5	51.9	18.8	122.3	13	164.5	0	53.8	47.2	255.7	159.7	8.5	0	11.1	63.4	58.6	1.3	92.3	57.2
2453037	258.9601279	7280.581741	6.69	15.2	50.4	0	112.1	2.3	102	0	66.7	35.1	254.1	150.1	9.5	0	11.7	56.5	46	0	98.4	78.6
2453047	214.0368107	7296.361376	7	24.5	53.7	56.7	103.5	11.6	127.1	0	65.4	39	208.7	167.4	7.5	0	9.7	49.3	69.7	4.6	73.2	67.9
2453048	202.8055874	7299.454123	7.19	38.1	60.7	69.3	59.8	74.1	136.9	0	83.8	49.7	302	202.8	5.8	0	17.9	61.5	92.2	0	101.3	95.8
2453050	243.0144026	7321.303534	5.7	25.9	36.2	63.1	149	5.7	83.8	0	52.1	16.3	238.5	141.4	0.9	0	5.8	55	87.2	3.9	126.8	49.1
2453052	200.0490931	7333.763829	5.4	31.9	71.2	67.4	143.5	15.5	91	0	79.5	17.3	234.8	147.8	4.8	0	9.9	28.4	101.9	0	97.9	68.8
2453056	273.8517722	7237.615287	7.07	11.4	44.4	10.2	107.1	0	104	0	82.5	25.9	228.3	178	17	0	18.1	47.3	21.7	19.8	123.5	97.4
2454003	173.1351018	7265.526161	6.7	26.1	74.4	66	125.2	9.4	68.1	0	41.6	44.5	244	185	12.6	0	19.1	47.4	40.4	16.8	107.8	58.2
2454004	165.9395535	7269.791009	6.6	36	79.5	95	142	16.4	26	0	55	66	244	314.6	5.5	0	21	48.1	70	4	138	52.6
2454006	185.0083871	7323.460564	6.6	32.9	70.4	43.7	63.3	87.7	93.4	0	47.9	27.3	212	132.9	0	0	7.7	56.2	68.8	2.7	74.9	29
2454011	197.1322371	7233.916316	7.44	30.5	76	10.8	116.9	2.4	81.1	0	75.2	57.2	118.8	287.3	25.7	0	10.7	44.3	21.5	23.2	103.7	133.7
2454012	172.3587213	7255.526603	6.12	19.5	40.7	14.1	79.1	55.6	85.1	0	69.7	39.8	214.4	111.1	17.3	0	18.2	48	44.8	4.8	104.6	71.4
2454018	176.7449258	7241.213003	5.21	18.3	68.8	10.7	125	7.2	79.2	0	65.1	44.2	236.3	148.8	14.7	0	18.7	41.9	26.2	6.2	101.2	67.9
2454028	173.7840775	7281.06731	6.5	44.5	73.9	55	126.4	13.7	70.2	0	54.7	45.4	222.5	189.9	13.7	0	22.3	38.9	69.7	3.1	129.5	92.2
2548001	713.6646266	7214.546477	0	0	2.7	39.6	57.2	11.7	24.7	0.9	64.4	4.3	52.1	95.5	37.3	0	1.2	12.6	98.8	12.8	57.6	71.8
2548003	726.6597058	7207.686616	0	22.5	4.3	172.9	87	32.8	28.8	0	94.9	44.3	46	71.1	43.2	0	0	17.5	117.8	31.8	48.4	111.2
2548023	771.9222025	7202.418587	0	15.8	0	152.3	72.3	68.4	31.7	0	33.8	35.9	50.9	39.2	46.4	0	0	40.9	53.1	22.4	46.9	85.2
2548036	742.0719226	7224.044015	0	0	0.9	45.5	23.1	44.5	16.8	2.5	66.3	10.9	47.4	59.2	3	0	0	6.5	85.1	15.9	72.3	85
2548037	774.6510727	7187.951596	0	17.8	46.6	59.5	100.6	98	53.8	0	45.8	48.5	81.8	73.4	7.7	0	0	32.7	11	0	49.8	86.9
2548038	719.1180741	7177.890923	0	9.8	31	91.8	26.2	59.4	30.2	0	104.5	16.5	29.6	52.7	18	0	0.2	11.3	76.8	18.6	49.7	61.5
2548039	782.206319	7212.185481	0	10.8	6.9	188.2	34	70.1	24.7	0.5	67.3	12.4	32.8	30.6	34.7	1	0.2	21.9	81.5	26.7	56.3	115.9
2548041	702.0429891	7179.267888	0	1.7	10	56.8	40.9	47.9	52.4	0	81.2	21.1	43.6	106.5	15.1	1.5	1.6	22.3	85.6	9.8	52.9	93.7
2548042	780.418057	7223.308743	0	16.6	0	169.8	64.5	96.8	43.8	0	30.3	37	57.5	54	24.2	0	0	63	89.3	22.9	46.5	87.3
2548043	759.9166138	7207.088746	0	12.1	0	127.6	69.5	54.2	14.2	0	95.4	10	51.9	11.8	6.5	0	0	53.8	74.7	21.4	66.8	81.2
2548044	774.251222	7217.891502	0	37.8	127.5	20.6	0	54.3	18.7	65.6	51	7.7	0	0	30.3	94.1	34.6	95	100.5	36.9	184.9	148.8
2548047	714.3033419	7191.266419	0	21.6	26.3	145	71.1	28.7	62.2	0	73.1	38.8	42.1	44.8	41	3.3	0.9	27.9	115.3	19.3	81.2	96.8
2548049	739.0290538	7166.466504	0	9.1	67.6	69.6	52.5	44.8	56.6	0.8	92.4	17.4	16	68.3	24.6	0	1.2	18.6	120.9	3.2	84	70.1
2548052	708.523897	7143.708757	0	7.3	46.5	64.9	29.4	83.4	91	0	109.9	9.6	46.4	89.1	20.1	0	0.7	15.7	70.3	34	53.3	65.1
2548053	742.4784191	7135.369255	0	21.7	41.2	163.1	49.1	176.3	97.9	0	77.1	10.2	29.4	90	38.5	0	1.3	29.5	97.1	13.4	49.3	69.4
2548068	724.2751536	7185.562806	0	5.2	3	82.1	39.7	33.1	36.7	0	83.4	12.9	23.4	69.4	23.8	0.1	0	11.4	101.2	7.1	61.9	35.7
2548076	720.5391834	7142.405054	0	10.7	19.9	109.1	42.3	38.5	94	0	79.4	19.5	31.1	78.6	18.9	0	2.3	21.5	61.4	42.5	43.3	74.6
2549000	622.1727652	7131.499358	0	1.7	2.8	26.2	41.4	1.4	22.5	0	96	1.1	50.9	90.2	41.1	0	4.8	33.8	72	18.2	46.4	63.1
2549001	612.5151038	7173.674931	0	2.3	10.1	50.4	79.9	1.8	100.3	0	92.3	0	78.9	153.1	51	0	5.2	43.6	94.2	14.2	42.7	61.1
2549003	661.2063745	7128.862049	0	0	0	30.2	25	27.5	59.7	0	114.2	0	52.8	109.2	36.5	0	5	26.6	66.2	14.1	37.7	73.4
2549004	694.06372	7183.817973	0	1.7	4.5	47	58.2	12.5	40.4	0	50.9	10.7	78.4	106.4	32.6	0	1.7	20.7	86.9	10	61.5	81.3
2549006	673.9781267	7186.309486	0	1.2	3.1	47.9	41.8	19	54.3	0.5	78.8	2.9	55.7	103.1	30.7	0	3.8	22.2	68.9	20.4	40.4	102.4
2549017	685.9100491	7176.177995	0	1	13.8	35.8	47	5.2	56.5	0	69.4	12.7	38.7	109.6	33.9	0	3.7	24.9	96.7	0	45.8	57.3
2549019	643.7565841	7182.236594	0	0	10.8	52.6	66.6	0	117.6	0	83.1	8.2	76.2	131.7	41.3	0	0	29.4	61.1	33.5	42	88.8
2549045	648.9310839	7195.472669	0	7.9	18	13.1	71.5	1.8	122.7	0	45.1	21.7	68.7	116.5	40.9	0	0	28.3	67.5	2.1	89.6	71.8
2549047	637.9962667	7208.880957	0	0	0	51.4	70.9	0	121.1	0	64	0	67.5	123.2	46	0	3.4	30.9	108.4	3.3	37.8	42
2549048	649.0045136	7202.118087	0	0	1.2	63.3	82.2	1.4	134.7	0	75.5	0	107.3	159.5	17.1	0	10.9	30	132.1	0	50.1	49.9
2549051	689.4238255	7211.582725	0	0	0	41.3	60.8	0	34.3	0	38.4	0	52.2	107.3	53.6	0	0	22.8	105.1	4.6	76.2	48.2
2549052	610.8879877	7220.205332	6	0.8	2.1	89.9	73.2	5.7	166.3	0	61.9	4.8	90.2	128.1	28	0	3.7	41.2	88.4	2.7	33.2	55.1
2549053	646.1747935	7219.871805	0	0	7.2	67	67.3	3.4	52.9	0	48.6	0	74.4	145.6	42	0	5.3	30.3	104	11.4	76.5	43.8
2549054	689.6245917	7225.982691	0	0	9.1	39.8	75.8	0	41.6	0	44.5	0	43.7	139.6	48.1	0	0	27.9	140.8	15.9	64.4	92.8
2549056	636.2362687	7234.373868	6	0	0	73.2	74.6	4.4	51.5	0	50.1	0	69	149.8	42.7	0	1.2	28.1	90.2	8.3	69.3	43.2
2549059	612.2805744	7145.986922	0	0	5.9	47.3	62.6	2.8	59.9	0	119.9	3.5	59.4	109.8	62.9	0	6.9	36.8	42.5	51.2	49.5	78.5
2549061	649.3025266	7138.97324	0	0.6	1.6	25.5	38.3	2.6	58.2	0.2	104.3	0	56.4	100.8	35.1	0	5.4	28.5	61.7	20.6	34.1	70.7
2549062	668.4575193	7147.605075	0	4.5	7	39.6	36.4	8.4	62	0	84.5	5.9	55	123.6	9.6	0	1.2	23.2	85.8	24.7	29.8	80.3
2549065	618.661032	7186.912837	0	0	6.8	32	55.2	0	126	42.8	40.4	9.4	69.4	158.5	34.6	0	3	47.6	68.5	0	56.4	61.9
2549076	632.1321358	7125.864207	0	0	2.1	21.2	38	14.3	47	0	97.2	0	54.4	82.5	37.8	0	5.4	39.9	61.5	22	63.9	20.1
2549080	661.9215514	7187.568224	0	0	13.2	54	43.1	31	68.6	0	86.6	0	67.8	108.8	47.4	0	8.3	29.4	75.8	22.4	45	87.8
2549081	661.7608339	7174.276603	0	54.2	148.6	44.6	0.4	2.6	30.2	58.6	30.4	47.8	58.4	27.4	62	67.8	73.2	82	70	86.4	125.2	79.1
2549082	657.6888929	7169.894177	0	0	0	12.6	19.4	0	98.9	0	81.5	0	54.7	148.4	38.9	0	0	0.9	107.7	9.8	47.2	51.7
2549090	678.2067971	7201.764172	0	0.8	3	54.6	37.2	32.8	55.6	1.4	55.4	1.2	44.4	104.8	45	0	2.6	25.6	79.6	19.6	63.6	84.4
2549091	623.3298356	7148.103601	0	0.6	7	49.1	47.5	14.1	63.7	0.9	104.3	0.9	60	131.5	50.8	0	7.2	34.2	76.9	17.8	43.4	76
2549093	649.6277272	7167.771635	0	1.4	7.4	38.8	51.9	4.2	88.1	0	83.7	2.5	64.8	147.7	39.7	0	2.4	26.4	68.5	16.8	56	61.8
2549100	671.1155659	7198.53246	0	5.2	7.3	32.7	19.5	27.1	42.8	3.7	50.3	7.4	55.7	53	26.3	0	12.8	36.1	77.3	15.7	78.5	50.1
2549107	671.2138545	7206.285942	0	0	1.7	56	76.6	4.2	52.7	0	50.5	0.4	44.9	130.4	44.7	0	3.2	21.1	104.2	6.6	110.4	71.9
2549108	686.3241861	7206.086195	0	0.9	10.3	43.6	68.9	4.5	70.5	0	54.5	6.7	36.2	95.2	42.2	1.4	5.9	35.8	87.5	14.8	71.8	81.1
2549126	664.8983813	7184.208558	0	1.1	6.6	48.3	66.3	1	112.2	0	78.8	0	63.7	127.1	35	0	3	28.2	78.7	14.1	51.3	60.7
2550000	507.0522035	7212.904405	3.2	0	0	104.1	84.9	0	50	0	106.3	7.3	174.2	149.9	47.7	0	4.6	47.1	69.9	0	55.2	57.8
2550001	561.1099857	7137.463298	0	3.1	36.2	31.3	47.5	0	123.7	0	110.6	3	64.9	143.2	46.5	0	7.8	62.8	72.5	3.3	92.2	45.4
2550003	585.6848069	7220.387484	6	4.5	6.6	91.2	58.4	29.9	155.4	0	86.4	0	114	143.9	53.5	0	6	49.9	96.3	11.2	46	69.9
2550005	532.0385018	7129.814176	6.5	0.2	1.8	52.8	39.4	0.2	65.4	0	61.6	3	77.2	167.4	4.8	0	10.2	55.4	74	1.6	74	34.8
2550006	515.1340166	7232.829299	5	3.4	4.5	85.6	72.2	24.8	97.1	0	74.8	0	117.2	241.6	45	0	12.8	41.2	110.6	6	78.9	56.9
2550015	600.6500467	7199.242676	0	0	0	62.1	38.5	0	74.9	0	54.2	0	63	137.7	15.2	0	1	30.5	50.8	15	33.4	57.8
2550017	543.0518489	7129.782633	0	0	9	27.4	44.7	5.7	91	0	93.3	4	85.1	106.2	43.9	0.9	8.2	47.1	61.1	2.5	101	78
2550025	542.226651	7185.156371	7.5	9.2	6	57.7	61.1	20.6	55.1	0.2	89	0	85.5	211.1	53.7	0	12.4	61.1	63.9	4.3	52.4	59.3
2550028	599.3302881	7157.166407	0	0	2.2	35.1	58.7	0	64.9	0	93.1	3.1	77.3	123.8	42.6	0	7.3	41.1	88.4	29.7	48.4	72.8
2550029	522.114975	7182.989911	7	1.6	0	94.3	65.9	0	87.4	0	87.5	0	125.6	145	44.7	0	32.9	36.6	97.8	0	85.5	57.4
2550035	548.1589879	7157.451095	7	3.4	4.9	47.7	60.7	0	85.2	0	128.7	3.2	67	135.2	45.8	0	9.3	30.2	63.3	33.3	87.9	71.1
2550037	580.3195996	7166.155184	0	0	6.5	70.2	28.9	30	56.1	0	97.6	0	85	149.1	39.3	0	8	54.7	80.3	27.7	51.6	74.7
2550038	530.1193195	7166.363561	7	2.3	0.8	94.6	68.8	0	144	0.8	124.6	2.7	116.9	170.7	32.1	0	9.8	92.8	44.9	6.1	68.7	46
2550041	570.361011	7181.715904	0	2.8	0	55.9	65.2	0	129.4	0	99.9	3.6	91.9	166.2	53.7	0	8.9	59.7	74	0	41.7	53.1
2550042	592.4602263	7179.3665	0	4	5.7	59.8	68.9	2.5	91	0	83.1	6.1	82.5	142.2	33.8	0	15	55.3	126.4	6.6	56	47.4
2550043	523.1468984	7198.491132	7.5	5.5	4.2	91.8	75	0	98.3	0	84.2	0	97.3	193.3	51.7	0	8.2	59.7	56.2	2	52.9	64.7
2550045	553.3213559	7193.975988	7.5	13.1	8.9	63.5	61	0.8	100.4	0	88.3	3.7	101.6	163.5	44.4	0	7.3	54.3	66.5	3.5	72	88.7
2550048	540.2853333	7208.417001	7.5	2.3	4.1	117.1	73.4	0	108.5	0	89.1	5.6	116.4	237.3	65.6	0	7.6	51	70.4	0	93.7	55.1
2550052	522.194778	7231.71236	5	0	2.1	94.6	79.9	0	84.2	0	71.3	9.9	128.3	205	42	0	10.9	39.5	117.7	1.1	102.2	49.7
2550053	502.0104492	7183.008019	7	8.7	10.3	94.2	62	0	105.8	0	122.1	5.3	157.9	108.6	28.2	0	0	56.7	50.7	0	89.4	86.9
2550055	502.0157371	7218.442649	3.2	0	9.5	119.9	87.8	0	87.7	0	84.1	0	121.7	218.9	43.7	0	9.5	46.9	82.5	0	109.8	66.3
2550056	514.1250808	7232.830379	5	0	6.8	58.4	60.3	2.2	103.1	1	77.1	13.4	158.8	221.3	45.9	0	14.7	43	114.7	3.9	91.1	54.2
2550057	520.1491759	7212.891265	0	0.3	4.6	84.2	85.5	0	85	0	88.5	6.3	107	239.6	44.4	0	11.9	49.8	75.3	0	98.1	66.6
2551000	454.7571216	7185.14653	0	0	0	0	55.5	0	87.7	0	140.9	7.3	146.4	190.9	85	0	0	99.8	54.3	0	136.6	105.3
2551001	479.9322009	7158.630784	5.2	27.2	19.8	73.4	24.4	54.8	55.7	0	86	8.5	92.6	145.2	45.6	0.6	13.8	79.8	38.2	7	87.2	96.8
2551008	451.7808266	7174.062157	0	8	23.7	45.9	53.1	0.3	99.7	0	103.4	11.3	144.7	137	45.8	0	10.9	89	55	0.1	147.3	178.8
2551010	449.6927446	7195.09498	0	14.8	11	23.6	75.4	8.6	66	0	141	0	130.8	181.4	42	0	12.4	74.4	51	7	126.2	86
2551011	490.9649801	7165.287208	5.2	1.1	6.4	68.6	52.5	0	36.5	0	98.9	5.7	122.1	135.6	38.5	0	10.4	92	55.3	11.4	125.6	87.6
2551014	492.9692556	7171.932679	5.2	3.7	5	56.2	53.6	0	43.6	0	89	5.5	100.5	97	23.7	0	0	72	48.6	0	118.9	63
2551017	473.9665472	7130.934916	2.3	0	5	30.4	51	0.3	136.6	0	96.6	6.3	106	119.9	56.2	0	8.4	61.2	80.4	0	105.1	129.6
2551018	489.9837723	7135.386634	2.3	0	3.7	16.5	36.4	0	114.7	0	98.4	0	86	108.8	24.6	0	8.9	62.6	59.2	0	131.7	91.5
2551019	422.8411466	7140.70147	0	12.3	39.7	38.6	75.1	0	174.4	0	149.9	28.6	138.5	117.4	15.4	0	19.4	104.8	64.3	11.3	109.5	126.6
2551023	489.977028	7144.245966	2.3	4	12.7	58.6	42	0	133	0	104.5	3.6	109.6	132.5	56.9	0	11.5	68	59	0.8	138.5	94.6
2551024	432.7495555	7162.905301	0	10.4	12.7	91.8	56.8	0	203.8	0	139.1	29.6	130.2	212.8	20.4	0	16.4	86.6	77.5	9.4	129	148.3
2551025	447.8407796	7154.113641	0	5.4	11.7	77	77.5	0	126.6	0	164.5	0	155.2	153.3	42	0	0	111.4	41.4	7.7	136.3	128.8
2551026	474.8901521	7171.910888	5.2	0	6.1	75.6	45.4	0	51.2	0	99.6	5.4	119.1	131	38.2	0	10	77.6	46	2	105.3	87
2551027	444.7487359	7174.034895	0	11.7	3.8	90.7	62.4	0	71.2	0	94.6	14	126.4	192.7	18.5	0	12	91	54.6	0	125.4	135.5
2551033	444.6119436	7207.256239	0	4.7	14.7	17	84.4	0	76.7	0	93	16.3	145.2	169.6	28.8	0	9.1	45.5	48.7	0	73.2	100
2551034	456.7145179	7201.763592	0	10.9	12.4	47	79.9	0	83.4	0	117.3	8.5	190.9	157.5	38.2	0	12.1	59.8	53.4	0	127.2	130.7
2551035	474.8279308	7205.13155	0	6.4	9.4	48.3	118.6	0	17.1	0	101.7	9.1	136	138.7	47.2	0	14	40.4	65.1	0	103.4	40.8
2551037	414.7885036	7146.189482	3.5	5.3	15	75.1	44.5	0	138.7	0	106.6	22.9	153.1	139.6	129.7	54.3	9.7	130.3	73	10.7	96	118.8
2551038	491.9522275	7192.971907	3.2	13.5	5.9	86.5	81.6	0	53.3	0	65.7	4.8	145.9	151.8	34.6	0	5.9	61.2	56.2	0	76.4	54.7
2551039	489.9320147	7204.043914	3.2	22.4	8.3	80.5	102.8	0	32.8	0	72.8	5.5	127.4	171.1	19.5	0	14.5	41.9	75.8	2.6	109.4	54.3
2551040	445.5258902	7230.514446	4.5	3.4	12.7	52.9	96.3	0	101.1	0	79.8	2.3	165.4	167.1	35.9	0	7	40.6	39.6	2.9	107.2	16.6
2551043	492.9449191	7218.440967	3.2	0.1	5	131.1	85.5	0	88.3	0	78.8	5.3	105.4	195.1	37.3	0	6.8	40.1	78.1	0	67.5	56.1
2551047	417.6107422	7176.109901	3.9	6.5	5.8	53.5	69.2	0	94.2	0	91.5	11	112.1	151.6	53.5	0	12	63.7	48.1	1.4	129.1	103.3
2552000	308.9535223	7183.861325	6	28.2	17.1	83.7	62.7	0	101.6	0	95.8	28.5	165.2	135.4	0	0	14.2	56	30	0	147.3	75.3
2552001	306.4526128	7148.369214	5.3	14.4	50.1	18	67.2	2	160.2	0	153.6	15.2	137.7	182.7	30.2	0	26.4	49.6	38	12.6	88.2	100.8
2552006	310.3908173	7224.875009	5.95	6.4	46.6	14.4	103	0	80.2	0	91.4	20.9	233.1	191.8	35.1	0	21.9	60.6	47.3	2	119.6	127.8
2552010	345.9734379	7200.953995	5.95	12.3	14.8	33	79.6	0	84.7	0	82.7	16.2	165	165.1	19.7	0	21.9	73.8	34.8	0	166.5	105.6
2552019	355.9475307	7209.92553	5.45	11.1	29.3	3.9	98.9	0	85.9	0	76.3	20	187.5	145	33.8	0	18.3	48.1	60.4	0	145.5	87.5
2552022	397.7451719	7146.068421	3.5	10.4	22.2	57.7	49.6	0	166.1	0	182.9	11.2	161.6	178.8	42.1	0	17.8	83	68.3	6.6	139	125.9
2552023	379.5978845	7156.991746	3.9	0	0	83.9	56.8	0	164.2	0	78.6	28.7	136.4	153.9	16.4	0	35.4	68.2	83.4	0	180.4	166.9
2552025	388.4895752	7173.683364	3.9	0	29.8	55.2	89.9	0	107.1	0	142.5	21.3	199.3	127.2	40.2	0	22.6	118	51	24	166	125.9
2552026	400.2585231	7212.539319	4.8	0	31.4	6	99.1	0.2	109.9	0	122.3	14.5	160	144.5	34.9	0	10.2	51.6	59.3	1.3	160.3	86.2
2552029	326.6299102	7139.786087	5	8.5	14.5	80.9	74.5	0	62	0	157	0	191.1	88.9	10.5	0	15.1	59.2	6.9	37	172.2	136.5
2552030	347.6781289	7140.046444	6.25	5.9	41.2	31.2	52.3	0	66.2	0	104.3	13.4	108.6	137.4	57.4	0	5.6	58.7	32.8	15.9	104.2	143.1
2552031	357.6647351	7143.481458	6.25	15.2	29.1	54	56.2	0	88.1	0	122.8	15.8	115.2	150.6	10.5	0	11.1	54.5	84.2	6.1	146.4	151
2552033	349.5312214	7153.36119	6.25	10.4	34.3	98.8	57.2	0	101.5	0	116.2	12.2	133.4	139.6	27.6	0	12.5	45.7	47.2	2.3	144.9	134.9
2552034	361.5586663	7154.600171	6.25	15.4	29.9	107.3	62	2.9	126.6	0	119.9	1.8	168.7	154.9	46.3	0	21	39.9	49.5	0	124.6	126.1
2552036	346.2144951	7179.909666	5.7	15.8	19.2	120.4	59.2	0	126.5	0	87.2	17.9	183.4	111.6	36.8	0	23.5	47.4	37.1	0	208	85.7
2552037	359.3179291	7176.730787	5.7	17	14	35.3	64	0	97.1	0	87	16.2	131.5	118.7	47.6	0	22	46.5	31.9	5.3	206.1	71.3
2552038	314.9420571	7187.269131	5.5	22.3	20.8	83.5	58	0.5	134.1	0	105	27.2	162.8	177	38.9	0	18.5	36.9	27.8	2.4	186.8	96.7
2552039	321.9397021	7190.687434	5.5	17.2	19.6	39.7	62.4	0	101	0	82.6	25.2	154	149.8	33.5	0	17.7	47.8	37.2	0	228.8	96.4
2552040	379.2778155	7192.432401	6.2	14.7	9.9	66.6	77.6	0	62.8	0	110.7	16.7	173.8	133.5	51.8	0	14.1	82.3	50.1	7.7	113.7	86.6
2552041	387.317359	7193.609733	4.7	10.5	1.9	40.2	49.2	0	97.4	0	133.7	21	194.8	130.5	39.4	0	0	87	42.7	2.2	141.6	109.8
2552042	316.7455649	7129.680315	7	8	25.1	6.5	78.4	1.3	121.6	0	147.9	10.1	146.5	144.5	35	0	10.6	47.5	42.7	10.4	80.4	170.8
2552043	328.7500818	7130.950516	8	0	21.5	9.4	56.7	0	90.5	0	176.2	18.2	128.3	121.6	56.4	0	10	60.3	63.5	13.7	93.6	180.7
2552044	342.8392608	7125.587636	8	9.6	21.9	28.4	62.9	0	119.5	0.8	105.8	13.9	154.4	125.2	43.5	0	10.9	63.9	37.3	17	85.9	198.8
2552045	307.3750307	7153.922811	6.2	21.2	39.7	19.3	64.2	0	135.3	0	128	15.3	152.7	117.4	25.9	0	12.3	62	30.2	6.7	125.1	178.9
2552046	302.8213671	7190.420506	6	13.4	28.8	45.3	70.4	0	138.7	0	95.4	26.3	174	121.9	32.1	0	14.5	43.7	30.6	0	138.3	80.1
2552047	333.7683523	7210.779226	5.95	10.7	25.6	40	64.8	6.3	95.2	0	72.7	9.4	186.9	121.4	34.8	0	14.3	44.6	30.3	0	133.6	75.6
2553004	286.0333852	7170.217411	5.8	14.3	23.5	39.6	70.6	0.5	89.7	0	102.4	18	160	132.1	21.4	0	11	30.8	40.1	17.5	103.8	88
2553007	268.352402	7146.647748	5.7	26.2	20	10	60	0	83.3	0	140	12.7	149.5	156.8	26.8	0	10	29.3	77.6	0	40	82.5
2553009	212.6343812	7217.620574	7.4	14.3	29.2	9.1	113.8	11.2	68	0	73.6	38	183.5	151.6	7.9	0	15.9	36.6	28.5	6.4	77.2	72.4
2553012	251.5912595	7130.824664	5	18.4	57.7	48.7	84	1.3	112.5	0	151.3	13.5	114.6	198.8	34.3	0	10.9	45.1	47.2	33.6	31.8	81.9
2553014	239.3324692	7193.772717	7.2	0	56.4	32.1	96.8	6.7	33.9	0	156	17.4	116	110.3	30.6	0	10.2	36.6	42.8	33.1	35.7	53.5
2553015	222.016519	7154.623035	6.2	17.6	34.4	72.2	95.7	2.2	51.6	0	158.6	11.4	96.4	199.6	27.6	0	9	28.8	18.2	40	31.2	75
2553019	291.2570114	7222.379298	6.45	9.3	24.6	13.9	91.2	0	69.3	0	72.7	24.4	176.7	160.5	58.9	0	20.7	52.8	41.5	0	107.5	108.2
2553020	211.042815	7197.62999	7.2	8.2	36.4	10.8	60	0	50	0	80	0	192.2	176.7	14.8	0	16.8	34.4	61.6	13.1	86.3	73.8
2553022	209.4659486	7224.205467	7.44	22.2	41.2	7.5	114.2	5.2	102.7	0	71.8	37.8	241	144.2	20.1	0	15.8	51.2	24	8.6	116.4	79.9
2553026	260.5546928	7189.733784	6.82	15.6	21.5	24.6	75.2	0	65.8	0	83.4	41.7	144.3	128.9	26.8	0	15.6	37.1	30.5	7.4	82.5	96.3
2553028	241.4527787	7188.271308	6.7	16.1	38.1	6.6	87	0	53.6	0	95.4	37.8	156.3	125	22.6	0	12.6	42.5	20	0	102.9	63.7
2553029	243.3599313	7193.850115	6.7	19.5	50	3.3	88.5	3	108.3	0	100.8	21.3	159.9	200.3	6.4	0	17.5	42.8	28.6	0	138.8	93.7
2553030	280.7368916	7186.753832	7	13.2	27.3	50.9	79.6	0	81.1	0	93.3	9	201.1	113	25	0	11.3	37.4	20	6.9	107.1	86.3
2553033	235.8792363	7215.875173	7.19	16	34.6	4.1	101	3.2	45.7	0	80.3	24.1	158.4	146.7	37.4	0	14.1	42.9	34	9.8	121.9	119.8
2553035	266.0952545	7218.645596	7.07	2.1	18.6	23.4	95.6	0	86	0	82.2	51.7	190	176.7	22.8	0	2.1	39.1	56.1	0	105.9	100.4
2553036	216.5888126	7126.788903	4.8	11.7	64	38.7	99.3	0.9	108.3	0	162.5	28	159.9	191	29.8	0	5.5	41.1	19.4	39.9	42.6	74.1
2553037	237.6287985	7127.227117	4	20.6	30.3	34.9	107.4	9.7	127.4	0	201.4	33.8	169.9	286.8	25.8	0	7.8	53.6	19.1	45.8	46.5	105.6
2553038	233.217144	7147.09314	6.2	17.2	50.5	63.8	82.3	3	77.8	0	174.2	15.9	135.2	191.6	23.8	0	9.9	32.8	26.8	25.8	36.6	82.9
2553039	230.9852339	7158.134	6.2	12.6	37.7	59.5	88.9	0	46.9	0	124.5	19.6	147.8	160	7.3	0	11.1	32.1	134.6	22.9	26.8	78
2553041	293.4767056	7209.116895	6.7	13	31.9	40.1	89.3	0	104.1	0	62.6	3.9	151.9	121	38.4	0	14.6	61.7	44	6.1	167.5	99.4
2553046	291.6164541	7134.845802	5.2	8.6	12.5	2.5	83.9	1.1	97.3	0	142.8	19.8	153	161.5	16.6	0	11.8	41.8	46.7	9.4	56.4	97.2
2553047	252.0940224	7157.436798	6.1	18	27	20	72	11.9	66.2	0	120.1	18	172.9	128.8	33	0	8	16	61	14.7	36.4	82.4
2553052	297.2721571	7158.204308	6	0	13.8	17.3	63.2	0	84.7	0	90.1	14.1	144.2	210.9	23.9	0	3.5	31.7	35.3	6.7	74.3	77.1
2553059	207.642546	7168.728279	5	10.8	82.1	4	86.9	0	42.1	0	122.7	20.1	118.2	146.4	3.5	0	0	18	4.8	0	0.3	88.4
2554006	173.8739566	7192.345591	6.69	5.4	43	26.3	94.6	0	54.9	0	73.1	21.7	140.6	98.6	12.9	0	12.5	23.4	19.3	5.7	27.3	60.2
2554012	158.0114047	7181.968017	6.45	10.7	55.5	5.7	135.4	6.7	27.1	0	102.6	42.1	86.1	251.2	5.2	0	13.9	28.4	39.5	6	49.1	72.2
2554013	166.0916158	7181.062573	6.69	15.4	87.7	33.6	129	9.8	69.6	0	149.1	31	111	180.1	4.5	0	15.2	26.5	21.4	26.7	42.8	66.4
2554018	194.1690167	7186.168705	7.2	14	43.1	38.7	96.6	12.3	59.1	0	90.2	20.9	118.9	149.2	18.7	0	13.7	27.9	9.5	51.5	37	65.4
2554020	172.1693852	7221.141141	7.19	17	56.2	11	130	9.8	105.3	0	98	32.6	224.9	183.4	19.7	0	8.7	48.8	18.4	12.2	74.9	22.1
2554023	191.2465625	7226.022659	5	27.6	0	6.7	116.8	6.8	113.3	0	78.3	40.8	200.8	143	26.5	0	19.5	33.4	23.5	55	91	71.1
2554025	157.0834167	7218.550989	6.7	27.5	41.4	0	139.9	6.8	48.9	0	75.6	32.5	181.2	141.4	11.9	0	14.7	18.7	33.2	0	46	59.5
2554030	156.6367927	7196.353985	6.32	10.9	39	7.4	109.8	8.3	59.6	0	77.5	23.8	143.7	180.4	10.3	0	17.6	36.6	8.6	6.3	49.9	69.3
2649006	618.9865717	7111.590412	0	0	4.9	26.4	36.4	2.8	126.2	3.5	101.3	1.3	32.3	100	32.4	0	7.3	24.2	60.2	33.8	99.9	107.8
2649018	661.9326606	7106.695327	0	1.9	15.4	31.1	22.8	12.1	15.3	0	29.5	0	16	24.5	16.6	0	5	6.7	81.2	15	75.4	85.7
2649021	619.9967575	7112.688834	0	1.9	8.7	22.8	21.4	17.2	106.4	0	101.4	1.1	33.2	94.2	33.8	0	7.7	42.8	62.2	14.3	75.8	91.4
2651000	492.0094397	7098.842244	0	0	0	37.5	28.5	19.2	105.6	0	93.2	0	60.5	177.1	24.4	0	9.2	50.2	76.3	0	93.7	40.4
2651003	473.0688143	7081.096754	0	1.1	47.5	15.5	39.1	0	122.5	0	161.4	10.2	91	126.6	55.3	0.9	8.6	49.8	83.2	8.8	60.8	154.8
2651004	478.0146657	7105.470899	2.35	0.6	9.5	46.6	38.1	0.1	155.9	0	117.7	5.6	116.5	133.1	54.4	0	7.1	59	87.2	6.7	77.9	114.8
2651005	485.9926785	7120.986334	0	5	0	49.8	68.5	6.5	95.2	0	114.2	9.1	101.4	179.6	62.8	0	12.3	67.8	75.8	6.5	75.2	166
2651013	470.0250765	7103.239951	0	7.6	18.9	45.3	71	0	77.7	0	120.1	4	89.5	112.1	44.9	0	12.1	52.5	90.5	2	65	94.1
2651016	479.992922	7118.763623	0	8.3	7.1	42.9	43.3	0	161.9	0	157.1	5.6	106.8	132.8	55.8	0	10.8	71.5	82.1	2.7	68.2	172.1
2651020	460.019708	7107.64293	0	0	8.7	46.6	39.6	0	111.6	0	133.6	6	106.5	147.3	46.3	0	13	62.5	79.6	2.6	74.4	153.5
2651023	443.0132301	7110.902012	0	3.7	16.4	46.9	54.7	0	116.6	0	188.8	6.8	107.7	177.3	54.5	0	9.6	58.4	102.8	4.6	72	185.1
2651026	457.1427478	7071.085716	0	14.1	18.9	21.2	35.3	0	113.2	0	152.6	15.3	94.2	151.2	47.7	0	7.1	47.1	97.2	8.1	85.5	108.8
2651029	443.1644352	7076.56912	0	0	39.9	11.8	45.4	0	98.1	0	115.5	8.3	105.6	141.5	0	0	0	55.5	99.9	4.5	129.2	115.5
2651035	413.2049527	7083.047245	0	13.2	24.2	16.3	60.7	22.4	148.7	0	184.1	18.3	110.8	109.1	86.5	0	10	58.9	94	16.6	93.5	135.7
2651043	402.322999	7070.784932	0	18.6	28.4	36.6	59.6	5.2	206.2	0	166	3.8	88.8	158.4	52	0	10.8	46	103.6	20	110.4	159.6
2651051	408.9809982	7116.246399	0	14	37.9	53.3	49	0	112.8	0	154.4	5.5	109.2	131.6	52.3	0	11	65.5	88	13.2	104.7	235.7
2652007	336.9012346	7119.975555	8	3.1	28.6	24.7	68.4	0	150.5	0	133.2	13.1	142.6	184.5	10.2	0	10.2	52.7	43.8	18.9	82.8	118.3
2652009	319.9181985	7117.536441	7.4	8.7	19.8	6.1	78.8	2.6	124.8	0	152.5	0	133.3	205.2	42.4	0	9.7	52.9	30.7	25.5	70.5	102.3
2652010	400.3294692	7070.769572	0	22.7	45.4	13.3	49.7	3.5	168	0	170.3	17.3	68.4	155.2	49.5	0	6.3	48.5	62.2	2.7	97.1	133
2652011	343.3346133	7084.602068	6	10.2	64.1	3.8	67.3	2.7	142.9	9.8	161.4	26.3	98.4	155.9	53.7	0	10.9	86.5	73.3	36.3	92.8	103.5
2652013	332.1835114	7097.757103	7.4	11	52.4	11.7	71.2	3.2	128.4	0	153.3	22	110.3	150.3	47.4	0	10	63.6	81	0	52.5	103.5
2652015	370.2021813	7092.65529	6	12	50.8	2	53	5	155	0	134	14	91	117.5	62	0	10.5	67	62.3	15	90.3	150.1
2652022	357.0254915	7110.241206	6.5	16.1	33.2	30.5	68.2	8.7	165.2	0	186.5	15.4	147	161.8	57.2	0	9.3	78.2	81.2	3.5	93.4	129.7
2652023	400.2434157	7081.845628	0	10.3	34.8	40.9	62.8	3.7	158.4	0	155.1	15.6	85	125.6	68.1	0	9	51.4	84.3	16.3	81.8	116.4
2652025	357.1108127	7102.487495	6	10.7	34.7	9.4	72.2	1.5	103.6	0	150.5	22.3	99.6	136.5	43.6	0	10	81.2	89.3	34.1	69.1	99
2652027	382.0334911	7109.384315	6.5	20.4	29.2	75.9	74.8	1	120.5	0	188.6	10	110.5	115.4	57.4	0	9.5	90.2	82.3	9.2	109.8	148.5
2652032	347.974108	7114.569954	8	8.7	48.9	22.1	65.4	6	159.5	0	175.6	14.7	122.7	136.5	58.9	0	9.5	61.8	41	16.5	98.3	128.6
2652033	340.1760794	7097.858244	7.4	13	30.6	35.1	68.1	19.4	123.6	0	149.4	25.5	94.8	138.4	37.2	0	10.1	69.6	62.3	15.7	54.4	81.7
2652035	332.0258589	7109.942425	7.4	14	22	9.8	70.2	0.8	141.8	0.2	146.2	2.8	105.2	155	48.3	0	10	60.2	44.3	15.1	83.6	102.6
2653009	256.8485717	7117.621936	5	25.6	40.5	31.1	131	0	142.9	0	177.6	23	146.7	172.3	28.4	0	10.1	50.1	65.7	17.2	78.9	92.8
2653012	292.9519163	7113.811879	5.4	11.7	24.2	21	85.6	4.2	153.1	0	141.2	4.3	101.2	176.4	46.5	0	9.2	69.6	69.7	35.4	29.2	106
2653014	235.0059434	7108.327604	5	27	52.6	7.6	88	8.1	157.1	0	167.8	23.3	158.8	221.9	36.5	0	8.4	49.5	42.2	42.3	55.4	79.2
2653016	263.8955303	7115.534539	4.5	23	17.5	38.3	77.2	1	120.8	0	154	14.1	88.4	261.5	40.1	0	9.2	52.3	67.6	26.4	42.6	97.4
2653017	253.9920404	7109.80909	4.5	42.4	53	6.4	75.5	27.5	144.2	0	183.9	5.2	148.5	232.1	34.3	0	7.1	51.9	63.6	24.3	41.1	59.9
2653019	280.2264984	7096.979255	4.8	15.4	27.3	12	77	2	176.5	0	164.2	23	130.5	234.7	37	0	6.7	58.4	71.5	30.7	58.1	118
2653020	262.1372396	7102.201611	4.5	25.6	33.6	4.3	77.2	2	153.4	0.8	111	15.7	158	257.4	24	0	9.2	56.9	55.2	26	56.6	88
2653021	252.2240027	7097.581998	4.5	18.2	35.8	10.9	88.3	10.9	198.8	0	219.5	23.5	199.6	276.6	28.2	0	10.4	42	75.4	51.3	64.5	98.2
2653022	298.1954746	7098.380035	4.5	19.7	49	3.6	83.8	9	138.8	0	131.1	28.3	111.8	252.7	25.4	0	9.7	68.3	90.7	42.8	71.1	81
2653023	287.1666919	7100.419949	4.8	9.3	39.8	0	77	0	146.7	0	172.1	31.6	136.9	226	43.1	0	6.2	69	75.1	48.8	63.2	94.2
2653024	298.0747737	7106.135254	4.5	13	0	40.5	66	0	114.2	0	147.8	0	125	186.2	22	0	10	83.7	50.4	15.2	50.6	84.8
ECMWF1	320.9700138	7427.725381	5.5	11	34	29	61	6	80	1	26	12	105	36	8	0	2	36	167	2	93	132
ECMWF2	321.305607	7400.040227	4.5	24	35	39	56	7	70	1	28	10	102	59	18	0	2	47	139	0	96	146
ECMWF3	321.6445947	7372.354267	4.25	45	31	43	52	6	53	0	27	12	121	58	28	0	1	46	138	0	119	132
ECMWF4	194.1851614	7370.225017	0	25	40	18	45	7	56	1	37	15	106	83	12	0	2	54	182	1	75	124
ECMWF5	321.9869707	7344.667496	4.25	26	32	46	54	4	53	0	33	18	131	59	30	0	2	39	155	1	110	138
ECMWF6	448.7587817	7456.392874	6.6	9	13	8	96	7	60	3	19	34	62	30	3	0	1	22	198	3	64	138
ECMWF7	448.853638	7428.716775	6.448	9	17	9	64	7	81	0	21	28	80	26	4	0	1	29	186	1	96	127
ECMWF8	219.1504594	7398.439692	0	35	25	31	50	5	72	1	34	12	113	50	20	0	2	48	144	1	80	118
ECMWF9	448.9494657	7401.039802	5.3	11	19	11	78	5	75	0	22	24	89	38	8	0	1	37	182	3	77	149
ECMWF10	219.6836512	7370.74076	0	34	40	33	58	5	62	0	34	15	156	85	18	0	2	67	217	2	79	146
ECMWF11	220.2221701	7343.041139	4	35	55	32	62	3	61	0	41	22	158	140	11	0	2	67	220	4	91	137
ECMWF12	346.2654259	7455.693814	4	17	28	49	63	3	68	1	20	14	71	31	4	0	1	30	182	1	81	132
ECMWF13	346.550114	7428.011843	5.4	16	41	34	62	6	83	1	24	16	97	30	10	0	1	34	159	2	109	154
ECMWF14	346.8377167	7400.329053	4.6	24	37	53	61	8	63	0	25	10	107	42	19	0	2	46	136	2	102	166
ECMWF15	347.1282287	7372.645435	4	33	38	36	56	12	58	0	24	12	119	58	24	0	1	41	141	1	134	166
ECMWF16	347.4216447	7344.960983	4.8	24	34	41	52	7	62	0	26	15	133	82	29	0	2	40	162	1	135	181
ECMWF17	243.7393066	7454.294814	6.1	9	13	21	46	4	81	1	38	10	90	36	10	0	0	26	162	1	72	127
ECMWF18	244.2141839	7426.601098	4	21	17	22	42	5	70	0	23	8	92	50	16	0	0	34	134	2	87	106
ECMWF19	244.6939209	7398.906669	0	22	21	38	47	4	72	0	25	12	142	68	22	0	1	54	142	1	90	139
ECMWF20	245.178509	7371.211521	3.7	16	38	41	56	3	57	0	30	14	146	78	23	0	1	65	218	2	72	142
ECMWF21	245.6679391	7343.515648	4	22	43	47	58	3	58	0	42	19	161	102	18	0	2	60	221	3	76	135
ECMWF22	474.4269878	7428.782847	6.72	9	15	9	57	5	77	1	21	33	78	13	4	0	1	29	199	4	63	109
ECMWF23	371.8909829	7455.934149	5.95	22	30	31	69	3	68	1	23	22	62	27	4	0	0	27	162	1	75	127
ECMWF24	372.1281889	7428.254197	5	23	34	30	75	6	84	1	21	19	89	32	8	0	1	36	167	1	109	152
ECMWF25	372.3678235	7400.573406	5.65	23	34	28	72	8	71	0	24	14	90	43	15	0	1	37	141	1	114	182
ECMWF26	372.6098823	7372.891769	4.68	30	36	30	61	11	53	1	25	14	111	46	28	0	1	37	148	2	128	178
ECMWF27	372.854361	7345.20928	4.8	27	28	43	53	6	48	0	27	15	130	72	33	0	1	42	150	0	128	182
ECMWF28	269.8023866	7427.020036	3.9	11	21	27	50	6	77	0	30	8	84	46	22	0	1	35	151	3	91	115
ECMWF29	270.2340432	7399.329062	0	19	22	35	50	5	73	1	24	11	117	64	26	0	1	50	140	2	107	133
ECMWF30	270.6700652	7371.637338	0	19	36	52	58	4	56	1	30	14	142	68	29	0	1	60	194	2	78	142
ECMWF31	271.1104445	7343.944856	6	11	41	41	53	3	50	0	41	18	156	82	22	0	1	52	208	1	82	139
ECMWF32	397.5148336	7456.130761	6.45	17	19	15	75	6	72	2	19	26	55	23	2	0	0	22	158	1	73	108
ECMWF33	397.7045761	7428.45246	5.45	16	29	20	81	7	78	2	23	18	81	26	7	0	1	37	152	3	112	144
ECMWF34	295.3875506	7427.394787	4.5	12	22	31	56	5	81	0	29	10	92	44	16	0	1	35	182	2	110	137
ECMWF35	295.7711606	7399.706905	4.5	25	35	39	53	5	73	0	28	11	120	61	25	0	1	45	143	1	107	138
ECMWF36	296.1586503	7372.018243	5	34	38	43	49	3	58	0	34	13	124	57	29	0	1	47	149	1	97	136
ECMWF37	296.5500128	7344.328795	4.5	27	31	45	51	3	48	0	41	17	131	57	26	0	1	47	161	1	102	139
ECMWF38	423.1373195	7456.283666	4.68	12	20	13	93	5	55	2	18	31	68	27	2	0	1	21	168	2	90	120
ECMWF39	423.2796133	7428.606649	6	11	24	19	87	8	89	1	23	21	85	29	5	0	0	30	174	1	116	146