stations	X	Y	x	y	01.04.2015	02.04.2015	03.04.2015	01.05.2015	02.05.2015	03.05.2015	01.06.2015	02.06.2015	03.06.2015	01.07.2015	02.07.2015	03.07.2015	01.08.2015	02.08.2015	03.08.2015	01.09.2015	02.09.2015	03.09.2015	01.10.2015
2250028	513337.281954636	7473079.16067545	513.337281954636	7473.07916067545	3.1	43.1	33.3	50.4	8.3	31.1	0	0.6	0	148.8	63.9	0	0	4.6	21.4	145.2	1	63.4	106.6
2250030	523577.735076696	7460889.75325437	523.577735076696	7460.88975325437	4.5	8	54.1	68	3.6	50.7	0	4.7	0	176.2	54.5	1.7	0	4.8	28.8	95.9	27.4	85.7	160.9
2250031	535881.888273416	7461972.47003734	535.881888273416	7461.97247003734	35.1	34.2	41.5	77.5	0	24.3	3.5	7.9	20.1	149.3	116.2	16.4	1.7	5.7	38.8	88.2	17.5	76.2	103.7
2250032	553302.675844551	7459706.82629089	553.302675844551	7459.70682629089	1.4	27.6	50.9	52.4	0.7	59.8	0	9.1	2.1	105.4	61.3	1.1	0	2.3	26.2	91.1	29.6	43.6	110.3
2250033	574829.45480755	7459615.183848	574.82945480755	7459.615183848	0	13.1	15.6	60.6	3	47.3	0	10.3	0	136.4	38.5	4.1	0	1.7	38.8	105	41.8	36	75.3
2251023	462012.178694655	7484107.29554952	462.012178694655	7484.10729554952	0	43.6	0	62.8	3.9	34.1	0	3	29	90.4	73	4.4	0	2.7	15.8	74.5	18.5	59	56.5
2251027	479496.124025303	7462001.25052503	479.496124025303	7462.00125052503	32	25.8	13.2	84.8	22.2	46.2	0.6	5.2	0	194.4	47.4	0.4	0	4.6	31.4	38.8	50.6	73.4	187
2251033	408721.814796045	7467274.26033393	408.721814796045	7467.27426033393	0	11.8	0	71.9	15.8	49.8	0	0	20.3	110.8	57.9	0	0	0	39.9	68	17.7	122.8	131.4
2251037	427124.730347062	7479551.96040335	427.124730347062	7479.55196040335	15.3	51	7.1	93.7	0	68.2	0	4	10.1	108.5	81.8	0	0	5	12	85.1	12.2	92	106.2
2251038	476389.458269745	7481922.46016636	476.389458269745	7481.92246016636	83.6	8.4	46.9	0	8.4	0	142.7	88.2	0	0	5.7	15.7	131.2	4.8	49.5	87.5	118.4	93.8	51.2
2251039	496922.167461082	7473084.72332308	496.922167461082	7473.08472332308	1.6	15	20.6	49.7	28.4	43.3	0	3.9	0	132.1	58	4.1	0	1.5	17.5	98.1	22.4	49.6	115
2251041	418859.967292894	7489473.64448842	418.859967292894	7489.47364448842	0	72.2	62.6	39.6	2.7	39.1	2.5	0	0	131.2	52.5	7.6	0	0.6	58.6	60.5	21.8	58.6	80.8
2251042	434266.808748287	7489547.84414664	434.266808748287	7489.54784414664	8.7	116.5	1.7	57	5.3	40.6	2.8	3.9	5.7	113.7	85.5	13.6	0	2.1	38.5	76.4	14.1	49.3	141.6
2251069	438429.062870697	7476280.92266507	438.429062870697	7476.28092266507	7.5	43.3	2.6	56.5	4.9	44.3	0	5.2	5.2	131.4	110.3	5.9	0	2.5	17.1	73.4	14.3	75.6	110.3
2252010	387124.765251799	7474878.54500626	387.124765251799	7474.87854500626	25.4	24.5	59.9	71.5	0	53.9	0	5	22.5	149.6	16	0	0	0	33.9	68.8	10	100	98.3
2252013	393065.017129887	7505921.49044264	393.065017129887	7505.92149044264	3.2	25.1	29.7	62.3	1.6	52.2	6.2	4.7	9.7	135.9	45.7	8.9	0	0.9	6.3	91.1	25	42.9	83.7
2252015	308872.679538092	7494029.29943843	308.872679538092	7494.02929943843	16.3	62.1	6.2	53.1	6.6	63.7	0	4.5	15.1	117.8	53.2	1.9	0	0	13	102.3	21.4	105.5	99.1
2252017	343816.386432234	7494426.34242218	343.816386432234	7494.42634242218	0	25.4	12.6	47	11	62	30	4.5	0	106.7	3	5.4	0	0	18.1	112.3	0	74	133.4
2252020	296715.881293601	7480580.97951324	296.715881293601	7480.58097951324	23.3	56.6	0	35.6	22.1	64.8	6.3	0	17.2	92.2	88.2	0	0	0	13.6	108.1	7.3	137.3	119.7
2252023	351096.655114075	7485640.52233472	351.096655114075	7485.64052233472	0	37.1	0	71.2	3.1	114.9	0	9.6	15.2	114.5	59.7	1.1	0	0	27.8	87.5	5.1	108.5	68.4
2252024	361367.243280194	7485737.50930859	361.367243280194	7485.73750930859	0	50	0	37.3	16.7	64.5	0	0	5	115.1	21.9	0	0	0	25.3	63.2	16.7	71.5	87.8
2252025	315444.105531662	7460884.55136202	315.444105531662	7460.88455136202	18.6	72.2	0	51.4	32.1	90.5	0	11.7	0	115.7	139.1	9.6	0	0	32.1	103.8	1.3	90.7	115.7
2252027	343051.899705955	7468949.22016134	343.051899705955	7468.94922016134	13.7	68.4	8.7	56.3	4.4	64.8	0	7.6	11.7	153.2	62.1	0	0	0	25.2	80.5	32.8	138.9	124.2
2253002	266948.654092142	7479045.66658982	266.948654092142	7479.04566658982	0	60.4	0	71.3	0	111.8	0	7.4	0	103.5	90	2.1	0	0	13.4	139.9	0	112.6	51.9
2253010	253939.629397399	7457789.27892739	253.939629397399	7457.78927892739	16	105.1	0	66.3	19.6	75.7	5.3	18.2	15.5	218.4	46.2	5.2	0	0	16.1	153.1	0	89.9	27
2253011	266247.315573698	7457985.55027417	266.247315573698	7457.98555027417	25	15.6	89	102.2	12.5	138.7	0	20.1	14	151.6	70.9	4.8	0	0	13	125.1	0	138.5	83.2
2253013	291824.839401024	7462791.96520793	291.824839401024	7462.79196520793	22	101.6	0	91.7	5.9	73.1	0	9.5	0	134	83.2	16.4	0	0	29	110.8	3.1	78.4	99.5
2253016	277121.401274039	7485844.95749002	277.121401274039	7485.84495749002	21.9	78	4.6	47.1	17	106.1	1.3	11.1	18.7	100.7	106.2	2.8	0	0	5.1	120.1	17.2	121.6	77
2349030	615378.338599093	7400674.90448122	615.378338599093	7400.67490448122	37.8	22.6	40.6	0	15.6	0	182	74.5	1.6	0	2.5	60.8	92.4	51.1	53.8	163.5	42.1	55.8	117.9
2349036	627919.446747465	7433790.25417529	627.919446747465	7433.79025417529	3.5	3.1	5.3	70.1	21.3	32.5	0	6.5	0	135.3	27.4	0	0	4.1	35.2	108.7	32.3	48.6	82.2
2349059	604216.575580251	7410723.58563879	604.216575580251	7410.72358563879	0	2.1	7.3	65	0	33.2	0	14.7	0	162.2	82.4	0	0	0	60.7	138.3	47.7	67.1	190.7
2349060	627583.958537367	7395037.14650843	627.583958537367	7395.03714650843	1.2	16.6	14.7	85.6	4	28.3	0	14.5	19.8	132.9	73.7	0.4	0	0	39.4	133	87.3	53.4	147.2
2349061	640640.350757622	7372769.26931774	640.640350757622	7372.76926931774	0	1.8	22.6	102.8	0	33.1	0	18.1	0	141.5	78.7	0	0	0	36.3	119.8	41.4	45.8	165.7
2349064	637413.870666448	7355081.44398944	637.413870666448	7355.08144398944	7.8	9.1	32.3	102.8	3.3	19.1	0	12.2	0	128.7	78.4	3.2	0	2.3	43.8	114.8	41.1	62.9	135.6
2350002	572714.852553891	7446340.51017075	572.714852553891	7446.34051017075	0	9.3	19	32.5	10.5	45.6	2.8	45	8	161.4	57.7	0	0	0	36.4	49.9	71	26.3	148.5
2350006	535735.215153035	7401085.10193511	535.735215153035	7401.08510193511	9.8	28.5	55.2	115.4	0.2	59.6	0	7.7	0	205.2	126.1	4.1	0	2.1	44.5	97.7	12.1	65.2	132.3
2350011	595282.636087858	7451749.5721165	595.282636087858	7451.7495721165	0	15	0	48	61	33.8	0	11.3	18	88.6	56.4	17.5	0	0	25	197.6	0	66.7	77.8
2350012	595098.783877117	7422964.3915648	595.098783877117	7422.9643915648	14.2	2.9	10.8	24	61.6	42	0	14.4	10	185.6	66.6	0.4	0	0.4	18.3	103.4	12.6	78.5	165.9
2350018	566564.81650572	7445262.05354578	566.56481650572	7445.26205354578	2.8	22.6	69.7	22.1	20.9	84.7	1	11.8	0	170.4	64.7	0.3	0	2.6	34.4	51.5	61.5	63	122.8
2350021	537819.879075783	7417686.0779645	537.819879075783	7417.6860779645	49	19.7	17.8	88	2	47.1	0	9.2	0	223.1	69.8	0	0	4.3	31.2	95.6	24.3	82.2	200.1
2350023	520464.490264611	7433218.91192408	520.464490264611	7433.21891192408	31.9	10.3	8.5	106.1	1.9	49.5	0	7.1	0	220.6	54.1	0.2	0	5.9	38.2	93.1	25.3	91.5	168.3
2350026	525605.315037563	7447602.31579573	525.605315037563	7447.60231579573	9.3	3.1	24	63.3	0.6	37.1	2	6.2	15	147	46.2	0	0	6.1	46.2	102.5	2	86.9	146.8
2350029	558298.307441174	7426476.23748247	558.298307441174	7426.47623748247	14.5	8.8	19.7	56.4	0.5	46	0	8.6	0	186.1	51.4	0	0	1.1	29.2	98.8	22.2	62.8	154.2
2350032	508174.781167049	7413304.01619181	508.174781167049	7413.30401619181	8	18.5	21	123.7	0	44.9	0	10.2	0	292.7	114.6	2.1	0	3	35.7	129.9	0	104	183.7
2350033	566416.077317334	7412049.60598934	566.416077317334	7412.04960598934	35.1	3.4	18.3	81.1	0	45.5	0	11.4	0	189.4	91.4	0	0	4.1	34.4	101	21	63.3	194.4
2350037	519357.83855725	7370117.23232898	519.35783855725	7370.11723232898	0	5.3	10.9	105.2	0	25.1	0	0	0	317.6	82.1	5.5	0	0	62.5	129.8	0	54.2	168.4
2350041	576331.861633912	7354427.95638518	576.331861633912	7354.42795638518	3.7	1.6	21.7	97.2	1.2	30.2	0	14.9	0	151.2	92.9	6.5	0	6.8	52.9	69.1	26.8	60.1	124
2350042	583475.748140055	7357709.9819668	583.475748140055	7357.7099819668	0	0	22.7	103.5	0	19.8	0	12.3	0	122.8	103.8	5.4	0	5.1	69.7	145.6	20.2	45.7	121.7
2350043	599718.608805335	7350962.92951994	599.718608805335	7350.96292951994	0	16	43.2	104.3	0	34.5	0	14.3	0	131.6	104.2	5.7	0	7.1	64.1	117.8	32.3	36.5	116
2350046	588613.588333125	7365430.01062902	588.613588333125	7365.43001062902	4.1	21.4	15.1	70.9	0.4	27	0	11.4	0	144.9	84.8	1.4	0	0.8	40.6	117.8	24.4	50.7	132.2
2350048	554060.397839474	7386636.40260778	554.060397839474	7386.63640260778	9.7	26.8	40.8	96.8	0	38.7	0	7.5	0	174.3	119.7	0	0	0	40.6	92	15.1	59.2	106.5
2350049	570380.9946229	7386566.75290585	570.3809946229	7386.56675290585	6.1	33.8	25.5	113.2	0	19.2	0	12.1	0	180.4	106.1	0	0	0	31.3	0	105.2	28.9	105.4
2350052	561237.737274624	7395465.15437902	561.237737274624	7395.46515437902	13.2	28.5	22.9	113.2	0	45.9	0	13.8	0	220.8	123.7	0.8	0	1.7	49.9	95.3	21.3	64.5	172.2
2350053	578648.399353609	7406453.62837855	578.648399353609	7406.45362837855	15.3	4.2	1.6	71.6	0	42	0	11.2	0	188.9	74.1	0	0	2.6	32.9	77.7	29.1	39.2	171
2350054	599025.466480878	7398579.95102446	599.025466480878	7398.57995102446	9.1	24.9	12.1	65.9	0.7	48.3	0	14.3	0	188.7	77.2	0.6	0	2.2	66.7	84.2	37.8	50.5	165.9
2350061	543769.769061696	7356778.23803042	543.769769061696	7356.77823803042	0	0	29.6	106	0	13.5	0	17	0	170	124.9	6.7	0	6.1	55	115.6	18.6	73.9	94.6
2350062	562116.252437011	7362246.68287109	562.116252437011	7362.24668287109	1.6	5.8	29.9	114.7	0	28.8	0	12.1	0	147.8	100.4	0	0	8.7	48.5	122	20.1	49.5	118.9
2350063	568241.924441062	7365540.58582161	568.241924441062	7365.54058582161	0	24.3	0	79.7	27.2	21.6	0	7.6	4.8	134.2	71.5	0	0	3.7	45.1	148.4	0	26	160.3
2350066	512238.117362915	7384517.3101674	512.238117362915	7384.5173101674	3.1	4.6	16.1	110.5	0	37	0	15.1	6	219.6	127.4	2.7	0	2.4	63.3	96.5	23.3	63.7	132
2350067	503068.067968598	7425483.4503811	503.068067968598	7425.4834503811	11.9	3.2	34.2	98.6	0	32.1	0	5.7	0	238	64.4	0.3	0	0	27.2	113.6	16.3	53.3	157.7
2350069	502045.53130492	7426590.66250125	502.04553130492	7426.59066250125	18.4	0	13.3	121	0	51.3	0	8.4	0	167.9	111	0	0	0	29.4	91.5	15.7	75.7	111.3
2351003	484661.940345113	7423261.75061275	484.661940345113	7423.26175061275	11.5	9.5	44	63.4	46.3	35.7	0.4	9.9	0	250.9	94.1	1.2	0	1	32.2	75.8	36.8	89.3	170.6
2351004	421500.380540093	7378774.96086645	421.500380540093	7378.77496086645	0	0	95.8	55.4	67.2	57	0	22.7	22.3	241.5	194.5	0	0	11.2	30.2	177.9	0	92.7	129.2
2351010	484664.234045222	7421047.66406665	484.664234045222	7421.04766406665	14	1.3	24.6	100.5	10.6	40.2	0.1	6.3	7.7	175.7	123.8	14.8	1.2	5	38.4	87.7	18.9	83	115.4
2351013	402943.306321545	7409665.2846354	402.943306321545	7409.6652846354	28.8	20.6	42	125.3	0.1	59.1	0	12.7	24.8	264	84.1	5.7	0	3.8	49.9	115.6	1.9	122.9	197.3
2351020	439961.959925424	7352290.83325468	439.961959925424	7352.29083325468	0	0	35	122.3	0	56.6	0	49.5	5.5	165.4	157.5	20.4	0.8	6.9	42	178.1	0	98.9	0
2351023	412431.881271667	7361007.4189868	412.431881271667	7361.0074189868	0	0	41.5	117.5	0	57.8	0	11.7	0	238.4	213.4	8.2	0	0	35.2	156.9	0	81.9	89.3
2351024	431758.075558939	7365540.58582161	431.758075558939	7365.54058582161	3.8	9.5	70.8	122.8	0	70.1	0	35	13.1	282.8	227.6	16.6	0	9	50.9	161.7	29.3	96.3	160.2
2351026	458221.245196854	7372284.15900662	458.221245196854	7372.28415900662	2.8	2.4	34.6	119.3	0	42.4	0	19.5	17.5	230.1	169.2	22.2	0	12.5	45.7	125.8	22.4	100.7	93.2
2351027	472501.986650171	7364568.44188912	472.501986650171	7364.56844188912	6	12.6	12.8	132.3	0	59.1	0	18.1	17	229.8	198.3	21	0	8.4	31.4	120	27	79.2	112.5
2351028	400052.096751729	7384179.54044829	400.052096751729	7384.17954044829	2.5	6.5	18.5	74.1	0	43.2	0	15.7	9.2	250.4	203.4	2.6	0	5.4	35.6	125.3	17.7	121.9	76.2
2351029	412264.640316359	7388687.06827587	412.264640316359	7388.68706827587	13.7	6.3	48.6	121	0	65.3	0	11.6	16.7	234.3	129.3	8.8	0	4.6	32	127.1	18.5	81.3	122.1
2351031	473368.498657876	7448707.54438587	473.368498657876	7448.70754438587	14.9	21.8	24.7	104.9	0	72.3	0	5.6	0	253.4	63	0	0	0	14.2	89.5	0	150.5	138.2
2351035	476520.461191705	7398895.67983478	476.520461191705	7398.89567983478	37	14.5	14.6	99.8	0	67.6	17.2	13.9	0	195.4	203.2	21.3	0	0	48	119.8	0	67.7	93.2
2351037	464305.357244605	7384478.71636178	464.305357244605	7384.47871636178	0	0	65	129	0	51.4	0	17.9	26.6	189.8	185.6	24.7	1.1	6.6	41.9	103.9	0	120.1	84.5
2351041	491861.855259243	7347985.42792635	491.861855259243	7347.98542792635	3	6.9	32.3	104.7	0	112.2	13.8	54	35.5	142.5	156.3	26	0	0	88.7	143.7	0	22.6	29.5
2351043	438813.331935068	7383286.79012724	438.813331935068	7383.28679012724	4.3	2.7	38.4	136.4	0.6	75.4	0	22	20.3	200.2	226.4	15.9	0	8.9	46.9	141.6	14.3	77.6	105.2
2351044	407072.135576031	7403048.71415019	407.072135576031	7403.04871415019	0	20.1	27.9	134.6	0	63.6	0	25.2	0	235.6	120.1	13.8	0	0	35.9	140.3	0	42.5	193.1
2351045	411103.594619098	7411931.17302141	411.103594619098	7411.93117302141	24.8	9	54.3	94.7	0	60.3	0	10.6	25.2	243.3	98.8	7.7	0	0	49.1	101.8	26.1	130.9	168.1
2353038	266523.579272492	7440263.69029986	266.523579272492	7440.26369029986	28.5	93.3	12.4	133.5	8.8	53.3	0	26.4	1.6	150	86.8	9.1	0	0	63.3	102.7	10.1	56.2	124.7
2353041	288113.535333776	7435047.01056628	288.113535333776	7435.04701056628	17.3	94.2	0	133	6.7	73.8	0	27.7	0	233.7	99.5	9.8	0	0	36.6	90.9	7.6	73.4	80.6
2353044	274818.996933421	7433744.0863081	274.818996933421	7433.7440863081	18	122	15	62	42	105	0	19	0	207	73	6	0	0	33	40	72	92	146
2353047	197710.124127956	7348126.76317383	197.710124127956	7348.12676317383	32.3	86	0	148	13.2	76.5	0	68.1	15.3	265	136.2	2.3	0	9.2	47.6	123.2	0	121.2	50.8
2448035	727596.991400025	7264186.2226657	727.596991400025	7264.1862226657	0	18.9	39.9	27.2	33.2	36.8	1.6	52.3	0	20.4	55.2	23	0	0	23.1	87.4	0	77.9	89.4
2448036	754858.336162484	7260386.48600764	754.858336162484	7260.38648600764	1	27.9	100.1	23.5	22.9	40.6	0	26	1.5	42.7	33	13.6	0	0	20.4	67.4	14.3	11.8	55.2
2448037	705270.909190837	7260103.26832037	705.270909190837	7260.10326832037	0	0	39.9	67.7	5.5	27.2	0	40.1	0	26.5	44.9	30	0	1.5	19.3	98.9	42.5	61.2	98.5
2449000	702398.23563105	7271224.82838568	702.39823563105	7271.22482838568	0.2	0	31.7	60.9	0.3	26.6	0	41.2	0	37.6	76.1	24.4	0	2.4	23.1	84.4	26.9	54.5	111.5
2449007	668874.242181755	7261703.37840726	668.874242181755	7261.70337840726	0	0	42.3	64.6	0	5.8	0	23.8	0	38.8	114.3	30.9	0	0	30.1	105.9	17.4	26.8	65.5
2449008	674844.597703928	7253874.88865027	674.844597703928	7253.87488865027	0	0	55.8	62.9	0.9	28.5	0	29.6	8	27.9	119.3	52.2	0	0	21.6	109.5	10	46.1	43.4
2449011	608384.657031446	7286672.84507527	608.384657031446	7286.67284507527	26.6	0	57.9	87.9	0	65.7	0	15.8	0	43.9	160	26	0	5.5	43.5	140.2	23.3	59.1	46.3
2449019	660542.803181425	7329367.93408711	660.542803181425	7329.36793408711	9	6	33.5	101.5	17.6	40	0	22.8	10	120.8	39	11.6	0	4.2	26.5	115.8	33.9	38.1	107.5
2449020	671632.200057607	7239514.38914115	671.632200057607	7239.51438914115	6	14.5	50.8	145.1	0	37.8	0	47.3	15	30.6	103.5	48.3	0	15.5	23.5	104.7	41.4	66.7	62.6
2449021	660001.110634448	7281746.7028132	660.001110634448	7281.7467028132	11.8	8.1	20.8	61.8	25.7	15.7	0	33.4	0	119	115.5	28	0	0	44.8	51.4	22.1	59.7	75.2
2449023	654590.737631685	7250793.8247997	654.590737631685	7250.7938247997	0	0	65.3	62.2	0	33.1	0	31.4	0	39.4	137.5	32.5	0	0	26.2	123.4	10.5	39	46.3
2449024	693817.171099481	7237002.87447703	693.817171099481	7237.00287447703	0	4.2	66.3	63.9	1.4	26.8	0	45.4	0.2	52.6	114.4	48.3	0	2.4	29.9	83.2	17.1	54.7	94.7
2449026	619136.683602648	7241178.58662568	619.136683602648	7241.17858662568	0	0	71.2	79.5	0	51.7	0	45.6	0	75.1	180.1	22.8	0	0	46.8	88.3	5.3	60.5	39.1
2449028	631433.143251838	7259894.6404381	631.433143251838	7259.8946404381	0	0	90.6	50.1	43.1	6.9	0	45.6	0	88	155.3	35.3	0	2.3	31.6	103.5	0	32	57.9
2449030	633604.707572044	7275379.33945092	633.604707572044	7275.37933945092	0	0	58.3	83.3	0	35.7	0	33.4	0	59.3	142.4	32.5	0	3	35	102.8	20.1	40.7	58.5
2449032	628676.048430339	7289823.23218517	628.676048430339	7289.82323218517	6.1	1.8	54.1	72.2	13.8	30.9	0.4	31.6	0	65.7	167.2	15.5	0	5.7	42	115.7	48.5	52.1	50.2
2449036	644012.249311339	7302964.37654093	644.012249311339	7302.96437654093	0	16.6	40.2	106.2	0	21.7	0	41.1	0	64.9	143.6	15.9	0	3.5	37.2	71.4	45.9	21.4	91.8
2449040	629944.648869676	7317498.30683717	629.944648869676	7317.49830683717	0	3.8	40.4	114.4	34.6	39.9	0	22.1	0	99.5	89.3	14	0	7.2	24.5	114.6	28.8	46.2	126.6
2449044	655509.862240806	7333854.03221066	655.509862240806	7333.85403221066	0	5	36	100.2	0.5	28.8	0	25.8	0	111	86.9	9.9	0	4	45.2	123	30.4	72.6	104.5
2449045	637244.109473313	7337363.92566187	637.244109473313	7337.36392566187	1.6	13.3	44.1	99.9	0	14.5	0	4.8	0	118.2	51.5	7.6	0	0	23	106.4	42.1	48.1	106.7
2449063	654441.220139279	7237503.47768727	654.441220139279	7237.50347768727	0	29	48.9	76.2	10.1	34.3	0	33.1	0	72.4	90.1	42.1	0	1.5	33.3	118.3	1.5	62.1	51.8
2450008	508123.629303413	7322520.89450447	508.123629303413	7322.52089450447	9.4	1.1	86.2	110.6	0	30.9	6.7	47.3	14.4	146	136.2	18.5	0	13.3	31.7	126.5	19.5	69.1	174.6
2450011	538551.199449464	7309184.41082605	538.551199449464	7309.18441082605	3.9	1.4	46.3	68.7	36.1	73.6	1.1	55.5	1	142.7	196	22.3	0	9.3	31.5	105.1	34.2	73.9	72.7
2450021	573677.299871252	7237068.60328056	573.677299871252	7237.06860328056	0	5.3	74.3	71.1	0	143.2	0	75	7.8	80.3	212.8	57.1	0	8.7	38.9	106.9	0	58.7	43.7
2450024	600953.833711445	7240217.01266004	600.953833711445	7240.21701266004	0	0	74.6	68.4	0	50.3	0	57.4	2.4	58.5	163.3	55.6	0	3.7	29.5	83.6	3	43.2	34.7
2450025	570819.802667021	7270303.99372188	570.819802667021	7270.30399372188	0	3	82.9	90.2	0	61	0	83.3	0	140.8	173.4	52.8	0	9.5	9.4	118.2	7.8	45	52.2
2450026	588054.75255878	7275742.18306822	588.05475255878	7275.74218306822	0	0	61.4	107.2	0	43.4	0	55.1	15.3	61.1	193.2	45.1	0	0	38.2	129.7	10.9	54	68.3
2450031	591278.836945034	7304512.49073736	591.278836945034	7304.51249073736	0	0	51.3	88.1	9.8	50.7	0	49.8	0	102.8	148.9	8.7	0	8.7	53.2	135.7	19.4	56.9	85.2
2450034	578185.384413781	7321200.51345323	578.185384413781	7321.20051345323	0	0	38.7	111.3	14.6	19.4	0	33.7	0	119.1	151.7	8.5	0	7.7	14.2	113.1	24.7	56.8	70
2450036	593387.906009962	7316679.27394521	593.387906009962	7316.67927394521	0	0	33	42	66.5	16.5	0	21.5	13.5	104	127.3	14	0	6	26	117	46	99	72
2450040	518238.025553332	7291510.02520003	518.238025553332	7291.51002520003	5.2	0	98.4	115.1	0	72.2	0	56	0	181.4	204.5	44.6	0	7	40.7	101.6	8.8	76.9	120.5
2450048	593555.18910669	7342146.15696257	593.55518910669	7342.14615696257	0	0	28.7	68.2	55.4	27	0	19.6	14.6	168.7	41.9	0	0	11.4	53.7	134.1	9.7	56.1	131
2450049	511103.663518627	7239476.88585591	511.103663518627	7239.47688585591	4	0	116.3	83.3	0	89.5	0	78.7	12.5	137.7	214.3	44.4	0	12	46.1	90.1	0	69.8	51.8
2450054	535355.61272883	7249401.42619774	535.35561272883	7249.40142619774	0	5.2	102	108.2	16.3	20.6	0	118.7	9.5	99	80.8	84.9	0	0	23.7	93.3	7.4	35.1	31.9
2450062	530508.698595244	7343526.6679855	530.508698595244	7343.5266679855	5.4	4.4	29.2	105.2	0	44	0	23.7	4.5	147.9	178.1	14.3	0	5.4	45	134.1	18.9	72.4	92
2451002	436962.69492269	7340098.74871331	436.96269492269	7340.09874871331	0	0	98.9	28.6	68.6	25.8	9.6	36.2	0	202	212.6	2.6	0	6.2	49.5	47.6	54.1	137.9	67.4
2451003	484842.771759585	7253867.56420217	484.842771759585	7253.86756420217	0.9	3.3	138.8	97.3	0	46.9	0	79.6	0	137.2	176.4	30.4	0.7	8.3	44.2	82.8	10	88.1	65.2
2451006	451216.100945447	7334618.55590728	451.216100945447	7334.61855590728	0	8.4	73.3	98	0	49	0	60.4	11.5	197.9	184.7	15.7	0	3	30.7	92.1	23.1	81.7	133.8
2451010	411146.941873917	7242515.5866799	411.146941873917	7242.5155866799	3.7	27.4	64.5	122.4	0	155.1	0	88.6	15.7	151.8	249	39.4	0	10.5	65.5	77.7	4.1	112	92.5
2451013	422141.506003918	7262514.89309808	422.141506003918	7262.51489309808	5.9	13.5	60.1	108.9	0	108.5	0	100.3	13.1	202.7	168.5	28.8	0	11.4	39.3	86.3	0	164.7	152.5
2451014	434015.201095164	7317940.7991778	434.015201095164	7317.9407991778	2.6	3.9	84.3	98.9	0	79.7	0	63.8	14	198.9	279.1	11.6	0	4.7	39.8	108.5	3.1	105.5	93.4
2451015	432129.179389315	7288035.56889339	432.129179389315	7288.03556889339	9.4	13.2	60.6	105.4	0	108	0	82.2	14.8	162.8	266.6	8.2	0	7.8	46.6	140.2	0	115.2	85.6
2451017	457397.423873699	7306958.3220818	457.397423873699	7306.9583220818	0	0	65	93.9	0	49.6	0	64.6	0	191.8	277.3	16	0	8.5	39.6	103.3	0	63	78.7
2451020	403386.43779805	7343233.12631463	403.38643779805	7343.23312631463	3.7	3	50.2	96	0	68.2	0	45.3	0	247.7	246.8	12	0	6	46.5	161.5	6.2	57.2	120.5
2451021	403962.907300982	7259078.45348586	403.962907300982	7259.07845348586	24.1	26.5	30.5	100.4	9.6	121.3	4.5	79.7	4.7	135.3	187.7	36	0	13.2	45.8	64.8	5.8	124.7	76.4
2451022	446197.268219111	7317992.32332812	446.197268219111	7317.99232332812	0	10.2	90.5	96	0	40.6	0	63.5	13.1	201.3	265	16.8	0	7.5	42.8	108	0	70.9	111.1
2451023	456325.011235316	7325777.5920542	456.325011235316	7325.7775920542	6	40	20	86	7	32	0	59.7	12.3	242.2	192.5	8	0	6	39.1	127	0	63	93.9
2451026	415987.24814712	7276874.52342195	415.98724814712	7276.87452342195	10.4	25.6	40.8	88.8	0	130.2	0	63.6	19	159.2	256.9	5.9	0	0	54.7	76.5	0	119	100.3
2451027	433350.201024342	7244856.07342432	433.350201024342	7244.85607342432	4.9	37.5	41.8	91.4	1	98.7	0	69	13.1	175.1	199.1	54.4	0	8	35.4	67.4	3	134.8	106.1
2451028	436390.079408005	7242655.80438906	436.390079408005	7242.65580438906	0.5	6	58.8	82.5	0	115.5	0	58.8	10.4	115.7	184.9	42.5	0	8.5	40	62.7	1	122.6	66.7
2451029	462639.099299737	7243859.66157443	462.639099299737	7243.85966157443	0.8	15.4	88	81.7	0	111.9	0	73.8	23.9	134.7	197.1	41.2	0	9.5	34.6	73.9	1.6	128.6	70.8
2451032	437314.196669859	7261484.63205842	437.314196669859	7261.48463205842	0.7	33.5	74.8	90.7	0	143	0	79.8	10.6	154.4	181	26.5	0	9.9	27.9	85.6	3.2	133.9	62.8
2451034	471706.454939037	7253846.86441093	471.706454939037	7253.84686441093	0	0	139.6	101	0	73.7	0	85	0	149.9	217.8	2.8	0	9.9	31.9	53.5	0	129.5	75.3
2451035	498989.76246185	7250554.07057359	498.98976246185	7250.55407057359	0	1.6	103.2	83.9	0	57	0	84.4	12.9	137.7	200.9	49.4	0	17.2	45.3	118.1	0	96.4	73.4
2451036	423085.189901512	7274700.8945957	423.085189901512	7274.7008945957	4.2	7.7	44.1	102.3	0	105.7	0	81.8	14.9	156.9	214.3	29.8	0	9.1	39.2	107.7	0	154.7	98.4
2451038	472671.112560646	7277101.21539813	472.671112560646	7277.10121539813	2.9	0	41.6	70	35.4	76.8	0	83.1	0	133	220.4	36.8	0	11.7	36.3	104.9	0	83	62.5
2451043	484811.278034248	7282655.90342053	484.811278034248	7282.65590342053	4.9	5.7	38.2	99.7	0	91.5	0	76.5	18.6	121.2	257.6	15.7	0	9.5	31.4	108.8	2.1	90.9	62
2451044	405715.480559115	7298955.97174646	405.715480559115	7298.95597174646	5.1	9.2	29.7	92.8	0	102.5	0	49	14.2	184.2	193.5	13	0	4.7	38	88.1	1.5	103.8	76
2451046	449290.492514896	7304717.02040818	449.290492514896	7304.71702040818	0	6.7	123.6	45.6	0	87.8	9	84.4	29.6	156	246.5	0	0	9.8	43.6	97.8	0	91.6	80.8
2451047	469562.5104669	7310311.44977089	469.5625104669	7310.31144977089	2.1	0	64.7	104.4	0	38.4	0	70.7	14.7	183.1	263.4	27.3	0	7.5	39.6	88.3	0	91.1	93.1
2451049	425812.817105664	7333401.78166929	425.812817105664	7333.40178166929	2.7	4.6	87.1	94.2	0	33.8	0	43.7	8.9	190.1	232.1	16.9	0	7.3	47.4	149.4	0	89.2	89.5
2451051	466584.715107829	7282624.15764698	466.584715107829	7282.62415764698	3.4	5.2	55.5	99.9	16	30	17.3	29.5	28.3	164.2	254.1	0	0	5.1	24.1	110.3	0	94.2	132
2452000	328091.511688759	7261666.00899642	328.091511688759	7261.66600899642	10.3	17.3	39.4	124.4	1.4	126.3	0.3	36.6	11.6	152	248.6	36.1	0	7.6	33.6	98.2	0	84.4	73.7
2452001	304625.247550067	7275756.84136831	304.625247550067	7275.75684136831	0	43.6	45.4	103.5	0	62.2	0	25.7	16.8	232	122.7	10.5	0	4.5	0	97.3	0	96.5	52.1
2452007	360700.791901502	7339558.95681644	360.700791901502	7339.55895681644	24.1	9.3	76.6	61.1	79.9	161.1	0	81.8	9.5	289.2	173.2	14.8	0	0	35.6	83.8	10.9	92.9	73.2
2452008	388479.380883788	7298829.72421336	388.479380883788	7298.82972421336	0	18.1	33.7	119.4	0	81.6	0	84.5	0	223.6	187.8	0	0	7.5	38.9	106.9	0	134.6	232.1
2452009	299419.086944736	7285653.77189423	299.419086944736	7285.65377189423	8.5	41.7	60.5	108	0	74.9	0	77.1	17.1	176	150	10.9	0	6.3	44.4	77.2	0	100.9	43.2
2452010	320133.527611051	7330244.5159267	320.133527611051	7330.2445159267	14.1	27.1	80.3	127.2	1.6	96.8	0.9	59.6	12.6	129.8	151.7	10.6	0	0	21.6	65.7	0	72.6	41
2452011	317759.163971029	7278150.57513847	317.759163971029	7278.15057513847	5.2	33.6	26.7	97.6	0	82.9	0	39.4	17.1	188.5	113.3	11.9	0	7.2	50.9	69	0	89.6	55.6
2452012	328160.387866802	7256128.15469319	328.160387866802	7256.12815469319	0	57.4	11	112.8	0	64.7	0	81.2	21	274.3	43.5	57.2	0.5	9.2	45.1	65.6	0	66.8	66.2
2452014	345723.445856021	7313931.39199128	345.723445856021	7313.93139199128	12.8	22.2	9.8	157.7	0	102.2	0	74.9	15.5	266.7	220	9.8	0	7.5	44.8	93.9	0	192	64.7
2452015	371425.954993324	7278749.24623571	371.425954993324	7278.74924623571	3.7	20	3.7	122.7	0	130.6	1.3	79.5	13.7	185.8	198	32.4	0	9	54.4	124.6	0.9	149.4	55.6
2452016	378785.236914385	7247805.47917782	378.785236914385	7247.80547917782	6.3	20.4	0	122.8	0	160.8	0	101.8	12.8	175.9	185.2	7.9	0	9.2	59.2	163	42.8	130.3	61.4
2452019	351520.33907251	7246430.53349466	351.52033907251	7246.43053349466	1.5	42.7	0	42.1	56.8	172.4	4.7	87	16.8	192.2	145	0	0	0	60.1	49.3	9.8	63.6	28.4
2452029	335328.121242842	7334858.75979265	335.328121242842	7334.85875979265	7.5	5.5	0	123	0	77.7	0	64.2	11.5	173.4	209	3.5	0	7.8	49	137.7	0	116.2	90.7
2452033	304176.809995269	7307877.92966684	304.176809995269	7307.87792966684	20.4	24.5	23.3	136.3	3.7	121	0	61.1	14.7	246.2	196.7	26.9	0	7.2	30.6	109.3	0.9	119.7	51.2
2452035	342863.395006136	7297285.93549989	342.863395006136	7297.28593549989	12.4	45.7	17.1	111.6	0	57.5	12.5	30.3	20	255	122.3	13.7	0	0.9	22.7	85.6	14.8	56.4	74.1
2452040	332578.918263014	7309351.28142524	332.578918263014	7309.35128142524	8.3	20.4	36.9	127.6	0	86.3	0	81.1	12.3	228.4	166.2	39.5	0	5.4	35.9	90.2	3.2	147.2	51.7
2452041	374363.860594149	7289850.84934956	374.363860594149	7289.85084934956	5.3	11.3	24.2	119.7	0	142	0	68.1	11.3	242.5	253.3	22.7	0	7.3	40.8	82.9	9.8	98.2	72.6
2452042	393616.11200154	7290010.4191226	393.61611200154	7290.0104191226	8.5	12.2	14.1	56	60.2	122.8	0	66.2	12.5	214.9	191.7	22.8	0	8.3	33.4	100.8	0.7	134.4	78.8
2452044	378340.201191864	7298745.578646	378.340201191864	7298.745578646	6.6	19.3	12.4	125.4	0	120.1	0	57.5	12.5	206.6	206.5	24.6	0	9.8	41.7	83.9	0	149.5	74.8
2452045	357849.268838969	7319596.04039363	357.849268838969	7319.59604039363	6.6	4.3	19.4	156.8	0	68.7	0	38	0	170.7	158.6	21.4	0	0	22.5	56.2	23.5	136.9	56.6
2452046	371100.921416003	7314185.51106761	371.100921416003	7314.18551106761	0	29.5	14.5	131.7	0	129.2	0	67.9	4	221.2	214.9	6.7	0	0	41	78	0	144.2	43.2
2452047	390395.276963365	7313240.85312407	390.395276963365	7313.24085312407	6.1	14.4	9.5	27.7	44	75.2	0	36	22	152.3	260	0	0.7	7.5	43.3	88	23	63	37
2452051	336446.039990083	7239613.14437294	336.446039990083	7239.61314437294	8.4	42	8.7	125.5	0	121.9	0	102.2	29.6	223.3	148.5	9.2	0	11.5	50.6	65.1	0.3	73.7	51.3
2452055	323176.309349748	7250526.31410517	323.176309349748	7250.52631410517	10	11.4	14.1	168.8	0	122.2	6.1	99	0	133	253.2	21.7	0	17.9	56.4	85.8	12.9	70	78.4
2453000	222624.496415889	7324244.83965681	222.624496415889	7324.24483965681	24.3	18.3	0	100	9.3	72.9	0	56	0	206.9	90.6	0	0	0	39.6	69.2	0	109.3	40.6
2453001	280148.193022708	7286471.89515784	280.148193022708	7286.47189515784	0	63.3	72.5	134.9	2	96.8	0	57.7	23.8	238	154.4	9.4	0	10.1	52	58.4	0	84.6	46.6
2453008	251793.630059133	7342514.97193885	251.793630059133	7342.51497193885	29.2	77.8	0	148.6	8.6	88.8	0	61.6	15.1	300.8	92.3	4.7	0	8.5	45.2	112.1	0	111.6	49.8
2453009	263337.278602785	7321657.07182057	263.337278602785	7321.65707182057	15.2	42.9	98.4	121.8	4.3	71.7	0	46.2	12.2	266.4	141.1	5.7	0	4.7	33	113	0	97.7	47.4
2453010	264500.780052566	7312811.74356494	264.500780052566	7312.81174356494	42.9	22.6	52.8	119.6	0	154	0	54.9	0	331.1	181.9	5.6	0	0	35.3	74.6	0	79.2	56.7
2453012	267492.622236606	7255239.49964333	267.492622236606	7255.23949964333	20.6	57.6	23.9	111.9	0	98.3	0	67.7	26.5	268.7	146.4	15.2	0	12.3	40.5	54.4	0	118.1	75.1
2453013	287428.135461131	7274396.81206661	287.428135461131	7274.39681206661	6.9	55.4	20.8	0	2.4	3.6	0	62.2	33.6	242.2	137.8	16.1	0	14.4	41.8	57.8	0	87.7	70
2453014	290884.885355503	7246749.84981604	290.884885355503	7246.74984981604	6.9	42.2	12.1	100.3	0	101	0	52.2	30.6	245	164.1	13.1	0	11.8	47.7	49.5	3.7	137.2	88.5
2453016	293801.93798389	7323240.34149287	293.80193798389	7323.24034149287	7.8	30.2	21.8	144.2	0	76.5	0	54.4	11.5	199.4	103	4.1	0	5.6	30.7	111.7	0	122	32.8
2453017	211681.146819273	7263055.31355697	211.681146819273	7263.05531355697	39.8	88.8	15.6	122.3	7.5	115.8	0	56.1	38.1	223.5	175.4	7.8	0	19.2	45.1	43.2	2.3	87.5	107
2453026	206761.134531818	7256299.96441763	206.761134531818	7256.29996441763	29.3	69.3	8.2	132.2	9.2	115.4	0	62.1	38.5	278.7	183.5	6.1	0	19.6	41.9	42.1	4.5	146.6	97.4
2453027	233042.858057456	7257941.39744975	233.042858057456	7257.94139744975	28.1	61.4	6.3	113.2	10.1	140.8	0	64.1	44.3	281.9	126.2	9.8	0	15.1	36.9	43.7	1.6	106.5	121
2453028	203346.681541748	7273966.23101509	203.346681541748	7273.96623101509	37.6	83.5	34.8	125.9	17	113.2	0	54.3	49.8	239.6	165.4	13.2	0	15.2	53	38.1	1.7	103.7	97.6
2453030	235740.279679709	7275727.58780347	235.740279679709	7275.72758780347	23.5	51.9	18.8	122.3	13	164.5	0	53.8	47.2	255.7	159.7	8.5	0	11.1	63.4	58.6	1.3	92.3	57.2
2453037	258960.12786421	7280581.74056824	258.96012786421	7280.58174056824	15.2	50.4	0	112.1	2.3	102	0	66.7	35.1	254.1	150.1	9.5	0	11.7	56.5	46	0	98.4	78.6
2453047	214036.810669613	7296361.37633811	214.036810669613	7296.36137633811	24.5	53.7	56.7	103.5	11.6	127.1	0	65.4	39	208.7	167.4	7.5	0	9.7	49.3	69.7	4.6	73.2	67.9
2453048	202805.587416496	7299454.12329645	202.805587416496	7299.45412329645	38.1	60.7	69.3	59.8	74.1	136.9	0	83.8	49.7	302	202.8	5.8	0	17.9	61.5	92.2	0	101.3	95.8
2453050	243014.402627065	7321303.53387215	243.014402627065	7321.30353387215	25.9	36.2	63.1	149	5.7	83.8	0	52.1	16.3	238.5	141.4	0.9	0	5.8	55	87.2	3.9	126.8	49.1
2453052	200049.093083625	7333763.82860935	200.049093083625	7333.76382860935	31.9	71.2	67.4	143.5	15.5	91	0	79.5	17.3	234.8	147.8	4.8	0	9.9	28.4	101.9	0	97.9	68.8
2453056	273851.772175613	7237615.28720155	273.851772175613	7237.61528720155	11.4	44.4	10.2	107.1	0	104	0	82.5	25.9	228.3	178	17	0	18.1	47.3	21.7	19.8	123.5	97.4
2454003	173135.101838505	7265526.16104415	173.135101838505	7265.52616104415	26.1	74.4	66	125.2	9.4	68.1	0	41.6	44.5	244	185	12.6	0	19.1	47.4	40.4	16.8	107.8	58.2
2454004	165939.553465251	7269791.00859271	165.939553465251	7269.79100859271	36	79.5	95	142	16.4	26	0	55	66	244	314.6	5.5	0	21	48.1	70	4	138	52.6
2454006	185008.387051386	7323460.56433896	185.008387051386	7323.46056433896	32.9	70.4	43.7	63.3	87.7	93.4	0	47.9	27.3	212	132.9	0	0	7.7	56.2	68.8	2.7	74.9	29
2454011	197132.237084221	7233916.31624256	197.132237084221	7233.91631624256	30.5	76	10.8	116.9	2.4	81.1	0	75.2	57.2	118.8	287.3	25.7	0	10.7	44.3	21.5	23.2	103.7	133.7
2454012	172358.721298134	7255526.60294122	172.358721298134	7255.52660294122	19.5	40.7	14.1	79.1	55.6	85.1	0	69.7	39.8	214.4	111.1	17.3	0	18.2	48	44.8	4.8	104.6	71.4
2454018	176744.925779485	7241213.00316145	176.744925779485	7241.21300316145	18.3	68.8	10.7	125	7.2	79.2	0	65.1	44.2	236.3	148.8	14.7	0	18.7	41.9	26.2	6.2	101.2	67.9
2454028	173784.077460811	7281067.31004187	173.784077460811	7281.06731004187	44.5	73.9	55	126.4	13.7	70.2	0	54.7	45.4	222.5	189.9	13.7	0	22.3	38.9	69.7	3.1	129.5	92.2
2548001	713664.626574782	7214546.47658653	713.664626574782	7214.54647658653	0	2.7	39.6	57.2	11.7	24.7	0.9	64.4	4.3	52.1	95.5	37.3	0	1.2	12.6	98.8	12.8	57.6	71.8
2548003	726659.705772222	7207686.61557529	726.659705772222	7207.68661557529	22.5	4.3	172.9	87	32.8	28.8	0	94.9	44.3	46	71.1	43.2	0	0	17.5	117.8	31.8	48.4	111.2
2548023	771922.202470157	7202418.58665659	771.922202470157	7202.41858665659	15.8	0	152.3	72.3	68.4	31.7	0	33.8	35.9	50.9	39.2	46.4	0	0	40.9	53.1	22.4	46.9	85.2
2548036	742071.922634091	7224044.01459206	742.071922634091	7224.04401459206	0	0.9	45.5	23.1	44.5	16.8	2.5	66.3	10.9	47.4	59.2	3	0	0	6.5	85.1	15.9	72.3	85
2548037	774651.072731888	7187951.59555576	774.651072731888	7187.95159555576	17.8	46.6	59.5	100.6	98	53.8	0	45.8	48.5	81.8	73.4	7.7	0	0	32.7	11	0	49.8	86.9
2548038	719118.074146948	7177890.92334336	719.118074146948	7177.89092334336	9.8	31	91.8	26.2	59.4	30.2	0	104.5	16.5	29.6	52.7	18	0	0.2	11.3	76.8	18.6	49.7	61.5
2548039	782206.318980876	7212185.48121546	782.206318980876	7212.18548121546	10.8	6.9	188.2	34	70.1	24.7	0.5	67.3	12.4	32.8	30.6	34.7	1	0.2	21.9	81.5	26.7	56.3	115.9
2548041	702042.989091841	7179267.88789259	702.042989091841	7179.26788789259	1.7	10	56.8	40.9	47.9	52.4	0	81.2	21.1	43.6	106.5	15.1	1.5	1.6	22.3	85.6	9.8	52.9	93.7
2548042	780418.057026364	7223308.7432063	780.418057026364	7223.3087432063	16.6	0	169.8	64.5	96.8	43.8	0	30.3	37	57.5	54	24.2	0	0	63	89.3	22.9	46.5	87.3
2548043	759916.613820169	7207088.74579355	759.916613820169	7207.08874579355	12.1	0	127.6	69.5	54.2	14.2	0	95.4	10	51.9	11.8	6.5	0	0	53.8	74.7	21.4	66.8	81.2
2548044	774251.221981108	7217891.50203088	774.251221981108	7217.89150203088	37.8	127.5	20.6	0	54.3	18.7	65.6	51	7.7	0	0	30.3	94.1	34.6	95	100.5	36.9	184.9	148.8
2548047	714303.341917126	7191266.41870278	714.303341917126	7191.26641870278	21.6	26.3	145	71.1	28.7	62.2	0	73.1	38.8	42.1	44.8	41	3.3	0.9	27.9	115.3	19.3	81.2	96.8
2548049	739029.05376807	7166466.5040946	739.02905376807	7166.4665040946	9.1	67.6	69.6	52.5	44.8	56.6	0.8	92.4	17.4	16	68.3	24.6	0	1.2	18.6	120.9	3.2	84	70.1
2548052	708523.896971217	7143708.75691523	708.523896971217	7143.70875691523	7.3	46.5	64.9	29.4	83.4	91	0	109.9	9.6	46.4	89.1	20.1	0	0.7	15.7	70.3	34	53.3	65.1
2548053	742478.419071913	7135369.25509613	742.478419071913	7135.36925509613	21.7	41.2	163.1	49.1	176.3	97.9	0	77.1	10.2	29.4	90	38.5	0	1.3	29.5	97.1	13.4	49.3	69.4
2548068	724275.153630203	7185562.80568271	724.275153630203	7185.56280568271	5.2	3	82.1	39.7	33.1	36.7	0	83.4	12.9	23.4	69.4	23.8	0.1	0	11.4	101.2	7.1	61.9	35.7
2548076	720539.183417419	7142405.054379	720.539183417419	7142.405054379	10.7	19.9	109.1	42.3	38.5	94	0	79.4	19.5	31.1	78.6	18.9	0	2.3	21.5	61.4	42.5	43.3	74.6
2549000	622172.765209494	7131499.35772495	622.172765209494	7131.49935772495	1.7	2.8	26.2	41.4	1.4	22.5	0	96	1.1	50.9	90.2	41.1	0	4.8	33.8	72	18.2	46.4	63.1
2549001	612515.103803369	7173674.93051294	612.515103803369	7173.67493051294	2.3	10.1	50.4	79.9	1.8	100.3	0	92.3	0	78.9	153.1	51	0	5.2	43.6	94.2	14.2	42.7	61.1
2549003	661206.374491827	7128862.04860008	661.206374491827	7128.86204860008	0	0	30.2	25	27.5	59.7	0	114.2	0	52.8	109.2	36.5	0	5	26.6	66.2	14.1	37.7	73.4
2549004	694063.720040128	7183817.97330919	694.063720040128	7183.81797330919	1.7	4.5	47	58.2	12.5	40.4	0	50.9	10.7	78.4	106.4	32.6	0	1.7	20.7	86.9	10	61.5	81.3
2549006	673978.126701344	7186309.48630139	673.978126701344	7186.30948630139	1.2	3.1	47.9	41.8	19	54.3	0.5	78.8	2.9	55.7	103.1	30.7	0	3.8	22.2	68.9	20.4	40.4	102.4
2549017	685910.049070534	7176177.99518796	685.910049070534	7176.17799518796	1	13.8	35.8	47	5.2	56.5	0	69.4	12.7	38.7	109.6	33.9	0	3.7	24.9	96.7	0	45.8	57.3
2549019	643756.584071575	7182236.59434722	643.756584071575	7182.23659434722	0	10.8	52.6	66.6	0	117.6	0	83.1	8.2	76.2	131.7	41.3	0	0	29.4	61.1	33.5	42	88.8
2549045	648931.083910367	7195472.66941073	648.931083910367	7195.47266941073	7.9	18	13.1	71.5	1.8	122.7	0	45.1	21.7	68.7	116.5	40.9	0	0	28.3	67.5	2.1	89.6	71.8
2549047	637996.266650375	7208880.95720171	637.996266650375	7208.88095720171	0	0	51.4	70.9	0	121.1	0	64	0	67.5	123.2	46	0	3.4	30.9	108.4	3.3	37.8	42
2549048	649004.513569554	7202118.08691839	649.004513569554	7202.11808691839	0	1.2	63.3	82.2	1.4	134.7	0	75.5	0	107.3	159.5	17.1	0	10.9	30	132.1	0	50.1	49.9
2549051	689423.825518591	7211582.72535345	689.423825518591	7211.58272535345	0	0	41.3	60.8	0	34.3	0	38.4	0	52.2	107.3	53.6	0	0	22.8	105.1	4.6	76.2	48.2
2549052	610887.987667876	7220205.3315057	610.887987667876	7220.2053315057	0.8	2.1	89.9	73.2	5.7	166.3	0	61.9	4.8	90.2	128.1	28	0	3.7	41.2	88.4	2.7	33.2	55.1
2549053	646174.793543537	7219871.80527633	646.174793543537	7219.87180527633	0	7.2	67	67.3	3.4	52.9	0	48.6	0	74.4	145.6	42	0	5.3	30.3	104	11.4	76.5	43.8
2549054	689624.591703574	7225982.69071174	689.624591703574	7225.98269071174	0	9.1	39.8	75.8	0	41.6	0	44.5	0	43.7	139.6	48.1	0	0	27.9	140.8	15.9	64.4	92.8
2549056	636236.268661244	7234373.86806934	636.236268661244	7234.37386806934	0	0	73.2	74.6	4.4	51.5	0	50.1	0	69	149.8	42.7	0	1.2	28.1	90.2	8.3	69.3	43.2
2549059	612280.574391242	7145986.92245702	612.280574391242	7145.98692245702	0	5.9	47.3	62.6	2.8	59.9	0	119.9	3.5	59.4	109.8	62.9	0	6.9	36.8	42.5	51.2	49.5	78.5
2549061	649302.526576492	7138973.23983441	649.302526576492	7138.97323983441	0.6	1.6	25.5	38.3	2.6	58.2	0.2	104.3	0	56.4	100.8	35.1	0	5.4	28.5	61.7	20.6	34.1	70.7
2549062	668457.519292301	7147605.07510989	668.457519292301	7147.60507510989	4.5	7	39.6	36.4	8.4	62	0	84.5	5.9	55	123.6	9.6	0	1.2	23.2	85.8	24.7	29.8	80.3
2549065	618661.03199019	7186912.8373184	618.66103199019	7186.9128373184	0	6.8	32	55.2	0	126	42.8	40.4	9.4	69.4	158.5	34.6	0	3	47.6	68.5	0	56.4	61.9
2549076	632132.135806697	7125864.20710807	632.132135806697	7125.86420710807	0	2.1	21.2	38	14.3	47	0	97.2	0	54.4	82.5	37.8	0	5.4	39.9	61.5	22	63.9	20.1
2549080	661921.551443834	7187568.22403437	661.921551443834	7187.56822403437	0	13.2	54	43.1	31	68.6	0	86.6	0	67.8	108.8	47.4	0	8.3	29.4	75.8	22.4	45	87.8
2549081	661760.833876168	7174276.60333888	661.760833876168	7174.27660333888	54.2	148.6	44.6	0.4	2.6	30.2	58.6	30.4	47.8	58.4	27.4	62	67.8	73.2	82	70	86.4	125.2	79.1
2549082	657688.892905823	7169894.1771505	657.688892905823	7169.8941771505	0	0	12.6	19.4	0	98.9	0	81.5	0	54.7	148.4	38.9	0	0	0.9	107.7	9.8	47.2	51.7
2549090	678206.797069385	7201764.17235262	678.206797069385	7201.76417235262	0.8	3	54.6	37.2	32.8	55.6	1.4	55.4	1.2	44.4	104.8	45	0	2.6	25.6	79.6	19.6	63.6	84.4
2549091	623329.835626193	7148103.60117253	623.329835626193	7148.10360117253	0.6	7	49.1	47.5	14.1	63.7	0.9	104.3	0.9	60	131.5	50.8	0	7.2	34.2	76.9	17.8	43.4	76
2549093	649627.727230323	7167771.63474869	649.627727230323	7167.77163474869	1.4	7.4	38.8	51.9	4.2	88.1	0	83.7	2.5	64.8	147.7	39.7	0	2.4	26.4	68.5	16.8	56	61.8
2549100	671115.565889617	7198532.46049413	671.115565889617	7198.53246049413	5.2	7.3	32.7	19.5	27.1	42.8	3.7	50.3	7.4	55.7	53	26.3	0	12.8	36.1	77.3	15.7	78.5	50.1
2549107	671213.854520013	7206285.94162614	671.213854520013	7206.28594162614	0	1.7	56	76.6	4.2	52.7	0	50.5	0.4	44.9	130.4	44.7	0	3.2	21.1	104.2	6.6	110.4	71.9
2549108	686324.186106125	7206086.19474313	686.324186106125	7206.08619474313	0.9	10.3	43.6	68.9	4.5	70.5	0	54.5	6.7	36.2	95.2	42.2	1.4	5.9	35.8	87.5	14.8	71.8	81.1
2549126	664898.381269041	7184208.55821669	664.898381269041	7184.20855821669	1.1	6.6	48.3	66.3	1	112.2	0	78.8	0	63.7	127.1	35	0	3	28.2	78.7	14.1	51.3	60.7
2550000	507052.203514552	7212904.40463582	507.052203514552	7212.90440463582	0	0	104.1	84.9	0	50	0	106.3	7.3	174.2	149.9	47.7	0	4.6	47.1	69.9	0	55.2	57.8
2550001	561109.985684494	7137463.29760471	561.109985684494	7137.46329760471	3.1	36.2	31.3	47.5	0	123.7	0	110.6	3	64.9	143.2	46.5	0	7.8	62.8	72.5	3.3	92.2	45.4
2550003	585684.806890911	7220387.48443356	585.684806890911	7220.38748443356	4.5	6.6	91.2	58.4	29.9	155.4	0	86.4	0	114	143.9	53.5	0	6	49.9	96.3	11.2	46	69.9
2550005	532038.501803673	7129814.17552422	532.038501803673	7129.81417552422	0.2	1.8	52.8	39.4	0.2	65.4	0	61.6	3	77.2	167.4	4.8	0	10.2	55.4	74	1.6	74	34.8
2550006	515134.016569944	7232829.29949669	515.134016569944	7232.82929949669	3.4	4.5	85.6	72.2	24.8	97.1	0	74.8	0	117.2	241.6	45	0	12.8	41.2	110.6	6	78.9	56.9
2550015	600650.046677365	7199242.67649276	600.650046677365	7199.24267649276	0	0	62.1	38.5	0	74.9	0	54.2	0	63	137.7	15.2	0	1	30.5	50.8	15	33.4	57.8
2550017	543051.848858149	7129782.63285002	543.051848858149	7129.78263285002	0	9	27.4	44.7	5.7	91	0	93.3	4	85.1	106.2	43.9	0.9	8.2	47.1	61.1	2.5	101	78
2550025	542226.650979475	7185156.37073878	542.226650979475	7185.15637073878	9.2	6	57.7	61.1	20.6	55.1	0.2	89	0	85.5	211.1	53.7	0	12.4	61.1	63.9	4.3	52.4	59.3
2550028	599330.288069905	7157166.40716819	599.330288069905	7157.16640716819	0	2.2	35.1	58.7	0	64.9	0	93.1	3.1	77.3	123.8	42.6	0	7.3	41.1	88.4	29.7	48.4	72.8
2550029	522114.974957503	7182989.9113721	522.114974957503	7182.9899113721	1.6	0	94.3	65.9	0	87.4	0	87.5	0	125.6	145	44.7	0	32.9	36.6	97.8	0	85.5	57.4
2550035	548158.987928056	7157451.09470676	548.158987928056	7157.45109470676	3.4	4.9	47.7	60.7	0	85.2	0	128.7	3.2	67	135.2	45.8	0	9.3	30.2	63.3	33.3	87.9	71.1
2550037	580319.599551057	7166155.18355271	580.319599551057	7166.15518355271	0	6.5	70.2	28.9	30	56.1	0	97.6	0	85	149.1	39.3	0	8	54.7	80.3	27.7	51.6	74.7
2550038	530119.319546087	7166363.56087632	530.119319546087	7166.36356087632	2.3	0.8	94.6	68.8	0	144	0.8	124.6	2.7	116.9	170.7	32.1	0	9.8	92.8	44.9	6.1	68.7	46
2550041	570361.010984252	7181715.90383761	570.361010984252	7181.71590383761	2.8	0	55.9	65.2	0	129.4	0	99.9	3.6	91.9	166.2	53.7	0	8.9	59.7	74	0	41.7	53.1
2550042	592460.226266091	7179366.49994488	592.460226266091	7179.36649994488	4	5.7	59.8	68.9	2.5	91	0	83.1	6.1	82.5	142.2	33.8	0	15	55.3	126.4	6.6	56	47.4
2550043	523146.898376241	7198491.13248775	523.146898376241	7198.49113248775	5.5	4.2	91.8	75	0	98.3	0	84.2	0	97.3	193.3	51.7	0	8.2	59.7	56.2	2	52.9	64.7
2550045	553321.355860916	7193975.98817328	553.321355860916	7193.97598817328	13.1	8.9	63.5	61	0.8	100.4	0	88.3	3.7	101.6	163.5	44.4	0	7.3	54.3	66.5	3.5	72	88.7
2550048	540285.333293219	7208417.00084469	540.285333293219	7208.41700084469	2.3	4.1	117.1	73.4	0	108.5	0	89.1	5.6	116.4	237.3	65.6	0	7.6	51	70.4	0	93.7	55.1
2550052	522194.777974935	7231712.3600851	522.194777974935	7231.7123600851	0	2.1	94.6	79.9	0	84.2	0	71.3	9.9	128.3	205	42	0	10.9	39.5	117.7	1.1	102.2	49.7
2550053	502010.449159685	7183008.0189808	502.010449159685	7183.0080189808	8.7	10.3	94.2	62	0	105.8	0	122.1	5.3	157.9	108.6	28.2	0	0	56.7	50.7	0	89.4	86.9
2550055	502015.73710252	7218442.64877246	502.01573710252	7218.44264877246	0	9.5	119.9	87.8	0	87.7	0	84.1	0	121.7	218.9	43.7	0	9.5	46.9	82.5	0	109.8	66.3
2550056	514125.08078683	7232830.37939546	514.12508078683	7232.83037939546	0	6.8	58.4	60.3	2.2	103.1	1	77.1	13.4	158.8	221.3	45.9	0	14.7	43	114.7	3.9	91.1	54.2
2550057	520149.1759483	7212891.2654726	520.1491759483	7212.8912654726	0.3	4.6	84.2	85.5	0	85	0	88.5	6.3	107	239.6	44.4	0	11.9	49.8	75.3	0	98.1	66.6
2551000	454757.121586826	7185146.52999183	454.757121586826	7185.14652999183	0	0	0	55.5	0	87.7	0	140.9	7.3	146.4	190.9	85	0	0	99.8	54.3	0	136.6	105.3
2551001	479932.200878087	7158630.78405708	479.932200878087	7158.63078405708	27.2	19.8	73.4	24.4	54.8	55.7	0	86	8.5	92.6	145.2	45.6	0.6	13.8	79.8	38.2	7	87.2	96.8
2551008	451780.826635196	7174062.15687155	451.780826635196	7174.06215687155	8	23.7	45.9	53.1	0.3	99.7	0	103.4	11.3	144.7	137	45.8	0	10.9	89	55	0.1	147.3	178.8
2551010	449692.744556503	7195094.9796277	449.692744556503	7195.0949796277	14.8	11	23.6	75.4	8.6	66	0	141	0	130.8	181.4	42	0	12.4	74.4	51	7	126.2	86
2551011	490964.980110156	7165287.20769898	490.964980110156	7165.28720769898	1.1	6.4	68.6	52.5	0	36.5	0	98.9	5.7	122.1	135.6	38.5	0	10.4	92	55.3	11.4	125.6	87.6
2551014	492969.255572844	7171932.67860085	492.969255572844	7171.93267860085	3.7	5	56.2	53.6	0	43.6	0	89	5.5	100.5	97	23.7	0	0	72	48.6	0	118.9	63
2551017	473966.547204337	7130934.91608808	473.966547204337	7130.93491608808	0	5	30.4	51	0.3	136.6	0	96.6	6.3	106	119.9	56.2	0	8.4	61.2	80.4	0	105.1	129.6
2551018	489983.772272798	7135386.63445718	489.983772272798	7135.38663445718	0	3.7	16.5	36.4	0	114.7	0	98.4	0	86	108.8	24.6	0	8.9	62.6	59.2	0	131.7	91.5
2551019	422841.146575525	7140701.47011077	422.841146575525	7140.70147011077	12.3	39.7	38.6	75.1	0	174.4	0	149.9	28.6	138.5	117.4	15.4	0	19.4	104.8	64.3	11.3	109.5	126.6
2551023	489977.027952662	7144245.96588691	489.977027952662	7144.24596588691	4	12.7	58.6	42	0	133	0	104.5	3.6	109.6	132.5	56.9	0	11.5	68	59	0.8	138.5	94.6
2551024	432749.555508911	7162905.30118406	432.749555508911	7162.90530118406	10.4	12.7	91.8	56.8	0	203.8	0	139.1	29.6	130.2	212.8	20.4	0	16.4	86.6	77.5	9.4	129	148.3
2551025	447840.779640713	7154113.64055236	447.840779640713	7154.11364055236	5.4	11.7	77	77.5	0	126.6	0	164.5	0	155.2	153.3	42	0	0	111.4	41.4	7.7	136.3	128.8
2551026	474890.152075765	7171910.88791076	474.890152075765	7171.91088791076	0	6.1	75.6	45.4	0	51.2	0	99.6	5.4	119.1	131	38.2	0	10	77.6	46	2	105.3	87
2551027	444748.735946625	7174034.89478846	444.748735946625	7174.03489478846	11.7	3.8	90.7	62.4	0	71.2	0	94.6	14	126.4	192.7	18.5	0	12	91	54.6	0	125.4	135.5
2551033	444611.943562086	7207256.23913721	444.611943562086	7207.25623913721	4.7	14.7	17	84.4	0	76.7	0	93	16.3	145.2	169.6	28.8	0	9.1	45.5	48.7	0	73.2	100
2551034	456714.517867195	7201763.59239234	456.714517867195	7201.76359239234	10.9	12.4	47	79.9	0	83.4	0	117.3	8.5	190.9	157.5	38.2	0	12.1	59.8	53.4	0	127.2	130.7
2551035	474827.93082934	7205131.5495094	474.82793082934	7205.1315495094	6.4	9.4	48.3	118.6	0	17.1	0	101.7	9.1	136	138.7	47.2	0	14	40.4	65.1	0	103.4	40.8
2551037	414788.503583612	7146189.48150971	414.788503583612	7146.18948150971	5.3	15	75.1	44.5	0	138.7	0	106.6	22.9	153.1	139.6	129.7	54.3	9.7	130.3	73	10.7	96	118.8
2551038	491952.227527216	7192971.90650873	491.952227527216	7192.97190650873	13.5	5.9	86.5	81.6	0	53.3	0	65.7	4.8	145.9	151.8	34.6	0	5.9	61.2	56.2	0	76.4	54.7
2551039	489932.014681296	7204043.91394303	489.932014681296	7204.04391394303	22.4	8.3	80.5	102.8	0	32.8	0	72.8	5.5	127.4	171.1	19.5	0	14.5	41.9	75.8	2.6	109.4	54.3
2551040	445525.890186776	7230514.44552802	445.525890186776	7230.51444552802	3.4	12.7	52.9	96.3	0	101.1	0	79.8	2.3	165.4	167.1	35.9	0	7	40.6	39.6	2.9	107.2	16.6
2551043	492944.91910431	7218440.96670959	492.94491910431	7218.44096670959	0.1	5	131.1	85.5	0	88.3	0	78.8	5.3	105.4	195.1	37.3	0	6.8	40.1	78.1	0	67.5	56.1
2551047	417610.742248078	7176109.90099924	417.610742248078	7176.10990099924	6.5	5.8	53.5	69.2	0	94.2	0	91.5	11	112.1	151.6	53.5	0	12	63.7	48.1	1.4	129.1	103.3
2552000	308953.522319675	7183861.32531348	308.953522319675	7183.86132531348	28.2	17.1	83.7	62.7	0	101.6	0	95.8	28.5	165.2	135.4	0	0	14.2	56	30	0	147.3	75.3
2552001	306452.612842903	7148369.21432682	306.452612842903	7148.36921432682	14.4	50.1	18	67.2	2	160.2	0	153.6	15.2	137.7	182.7	30.2	0	26.4	49.6	38	12.6	88.2	100.8
2552006	310390.817263075	7224875.00906706	310.390817263075	7224.87500906706	6.4	46.6	14.4	103	0	80.2	0	91.4	20.9	233.1	191.8	35.1	0	21.9	60.6	47.3	2	119.6	127.8
2552010	345973.43787908	7200953.9954129	345.97343787908	7200.9539954129	12.3	14.8	33	79.6	0	84.7	0	82.7	16.2	165	165.1	19.7	0	21.9	73.8	34.8	0	166.5	105.6
2552019	355947.530684643	7209925.53043164	355.947530684643	7209.92553043164	11.1	29.3	3.9	98.9	0	85.9	0	76.3	20	187.5	145	33.8	0	18.3	48.1	60.4	0	145.5	87.5
2552022	397745.171886395	7146068.42086422	397.745171886395	7146.06842086422	10.4	22.2	57.7	49.6	0	166.1	0	182.9	11.2	161.6	178.8	42.1	0	17.8	83	68.3	6.6	139	125.9
2552023	379597.884466754	7156991.74593509	379.597884466754	7156.99174593509	0	0	83.9	56.8	0	164.2	0	78.6	28.7	136.4	153.9	16.4	0	35.4	68.2	83.4	0	180.4	166.9
2552025	388489.575180257	7173683.36411598	388.489575180257	7173.68336411598	0	29.8	55.2	89.9	0	107.1	0	142.5	21.3	199.3	127.2	40.2	0	22.6	118	51	24	166	125.9
2552026	400258.523133109	7212539.31857237	400.258523133109	7212.53931857237	0	31.4	6	99.1	0.2	109.9	0	122.3	14.5	160	144.5	34.9	0	10.2	51.6	59.3	1.3	160.3	86.2
2552029	326629.91019509	7139786.08744941	326.62991019509	7139.78608744941	8.5	14.5	80.9	74.5	0	62	0	157	0	191.1	88.9	10.5	0	15.1	59.2	6.9	37	172.2	136.5
2552030	347678.128900286	7140046.44365256	347.678128900286	7140.04644365256	5.9	41.2	31.2	52.3	0	66.2	0	104.3	13.4	108.6	137.4	57.4	0	5.6	58.7	32.8	15.9	104.2	143.1
2552031	357664.73510889	7143481.45826844	357.66473510889	7143.48145826844	15.2	29.1	54	56.2	0	88.1	0	122.8	15.8	115.2	150.6	10.5	0	11.1	54.5	84.2	6.1	146.4	151
2552033	349531.2214068	7153361.18980293	349.5312214068	7153.36118980293	10.4	34.3	98.8	57.2	0	101.5	0	116.2	12.2	133.4	139.6	27.6	0	12.5	45.7	47.2	2.3	144.9	134.9
2552034	361558.666305763	7154600.17093241	361.558666305763	7154.60017093241	15.4	29.9	107.3	62	2.9	126.6	0	119.9	1.8	168.7	154.9	46.3	0	21	39.9	49.5	0	124.6	126.1
2552036	346214.495092627	7179909.66606996	346.214495092627	7179.90966606996	15.8	19.2	120.4	59.2	0	126.5	0	87.2	17.9	183.4	111.6	36.8	0	23.5	47.4	37.1	0	208	85.7
2552037	359317.929063346	7176730.78707278	359.317929063346	7176.73078707278	17	14	35.3	64	0	97.1	0	87	16.2	131.5	118.7	47.6	0	22	46.5	31.9	5.3	206.1	71.3
2552038	314942.057129216	7187269.13064673	314.942057129216	7187.26913064673	22.3	20.8	83.5	58	0.5	134.1	0	105	27.2	162.8	177	38.9	0	18.5	36.9	27.8	2.4	186.8	96.7
2552039	321939.702069497	7190687.43390074	321.939702069497	7190.68743390074	17.2	19.6	39.7	62.4	0	101	0	82.6	25.2	154	149.8	33.5	0	17.7	47.8	37.2	0	228.8	96.4
2552040	379277.815470242	7192432.40086653	379.277815470242	7192.43240086653	14.7	9.9	66.6	77.6	0	62.8	0	110.7	16.7	173.8	133.5	51.8	0	14.1	82.3	50.1	7.7	113.7	86.6
2552041	387317.358963276	7193609.73299778	387.317358963276	7193.60973299778	10.5	1.9	40.2	49.2	0	97.4	0	133.7	21	194.8	130.5	39.4	0	0	87	42.7	2.2	141.6	109.8
2552042	316745.564922885	7129680.31499029	316.745564922885	7129.68031499029	8	25.1	6.5	78.4	1.3	121.6	0	147.9	10.1	146.5	144.5	35	0	10.6	47.5	42.7	10.4	80.4	170.8
2552043	328750.081797553	7130950.51615375	328.750081797553	7130.95051615375	0	21.5	9.4	56.7	0	90.5	0	176.2	18.2	128.3	121.6	56.4	0	10	60.3	63.5	13.7	93.6	180.7
2552044	342839.260844504	7125587.63570588	342.839260844504	7125.58763570588	9.6	21.9	28.4	62.9	0	119.5	0.8	105.8	13.9	154.4	125.2	43.5	0	10.9	63.9	37.3	17	85.9	198.8
2552045	307375.030694987	7153922.81065795	307.375030694987	7153.92281065795	21.2	39.7	19.3	64.2	0	135.3	0	128	15.3	152.7	117.4	25.9	0	12.3	62	30.2	6.7	125.1	178.9
2552046	302821.367096131	7190420.50575177	302.821367096131	7190.42050575177	13.4	28.8	45.3	70.4	0	138.7	0	95.4	26.3	174	121.9	32.1	0	14.5	43.7	30.6	0	138.3	80.1
2552047	333768.352314251	7210779.22648824	333.768352314251	7210.77922648824	10.7	25.6	40	64.8	6.3	95.2	0	72.7	9.4	186.9	121.4	34.8	0	14.3	44.6	30.3	0	133.6	75.6
2553004	286033.385188547	7170217.41085272	286.033385188547	7170.21741085272	14.3	23.5	39.6	70.6	0.5	89.7	0	102.4	18	160	132.1	21.4	0	11	30.8	40.1	17.5	103.8	88
2553007	268352.40204868	7146647.74783148	268.35240204868	7146.64774783148	26.2	20	10	60	0	83.3	0	140	12.7	149.5	156.8	26.8	0	10	29.3	77.6	0	40	82.5
2553009	212634.381244593	7217620.57442012	212.634381244593	7217.62057442012	14.3	29.2	9.1	113.8	11.2	68	0	73.6	38	183.5	151.6	7.9	0	15.9	36.6	28.5	6.4	77.2	72.4
2553012	251591.25949483	7130824.66367895	251.59125949483	7130.82466367895	18.4	57.7	48.7	84	1.3	112.5	0	151.3	13.5	114.6	198.8	34.3	0	10.9	45.1	47.2	33.6	31.8	81.9
2553014	239332.469177579	7193772.71685127	239.332469177579	7193.77271685127	0	56.4	32.1	96.8	6.7	33.9	0	156	17.4	116	110.3	30.6	0	10.2	36.6	42.8	33.1	35.7	53.5
2553015	222016.518967696	7154623.03549699	222.016518967696	7154.62303549699	17.6	34.4	72.2	95.7	2.2	51.6	0	158.6	11.4	96.4	199.6	27.6	0	9	28.8	18.2	40	31.2	75
2553019	291257.011414264	7222379.29840759	291.257011414264	7222.37929840759	9.3	24.6	13.9	91.2	0	69.3	0	72.7	24.4	176.7	160.5	58.9	0	20.7	52.8	41.5	0	107.5	108.2
2553020	211042.814959155	7197629.98975348	211.042814959155	7197.62998975348	8.2	36.4	10.8	60	0	50	0	80	0	192.2	176.7	14.8	0	16.8	34.4	61.6	13.1	86.3	73.8
2553022	209465.948632944	7224205.46687366	209.465948632944	7224.20546687366	22.2	41.2	7.5	114.2	5.2	102.7	0	71.8	37.8	241	144.2	20.1	0	15.8	51.2	24	8.6	116.4	79.9
2553026	260554.692787479	7189733.78388696	260.554692787479	7189.73378388696	15.6	21.5	24.6	75.2	0	65.8	0	83.4	41.7	144.3	128.9	26.8	0	15.6	37.1	30.5	7.4	82.5	96.3
2553028	241452.778654852	7188271.30767781	241.452778654852	7188.27130767781	16.1	38.1	6.6	87	0	53.6	0	95.4	37.8	156.3	125	22.6	0	12.6	42.5	20	0	102.9	63.7
2553029	243359.931338362	7193850.1148793	243.359931338362	7193.8501148793	19.5	50	3.3	88.5	3	108.3	0	100.8	21.3	159.9	200.3	6.4	0	17.5	42.8	28.6	0	138.8	93.7
2553030	280736.891556787	7186753.83249561	280.736891556787	7186.75383249561	13.2	27.3	50.9	79.6	0	81.1	0	93.3	9	201.1	113	25	0	11.3	37.4	20	6.9	107.1	86.3
2553033	235879.23625958	7215875.17329119	235.87923625958	7215.87517329119	16	34.6	4.1	101	3.2	45.7	0	80.3	24.1	158.4	146.7	37.4	0	14.1	42.9	34	9.8	121.9	119.8
2553035	266095.25445173	7218645.5962608	266.09525445173	7218.6455962608	2.1	18.6	23.4	95.6	0	86	0	82.2	51.7	190	176.7	22.8	0	2.1	39.1	56.1	0	105.9	100.4
2553036	216588.812603614	7126788.90277766	216.588812603614	7126.78890277766	11.7	64	38.7	99.3	0.9	108.3	0	162.5	28	159.9	191	29.8	0	5.5	41.1	19.4	39.9	42.6	74.1
2553037	237628.79852816	7127227.11666777	237.62879852816	7127.22711666777	20.6	30.3	34.9	107.4	9.7	127.4	0	201.4	33.8	169.9	286.8	25.8	0	7.8	53.6	19.1	45.8	46.5	105.6
2553038	233217.144022596	7147093.14039155	233.217144022596	7147.09314039155	17.2	50.5	63.8	82.3	3	77.8	0	174.2	15.9	135.2	191.6	23.8	0	9.9	32.8	26.8	25.8	36.6	82.9
2553039	230985.233872629	7158133.99984239	230.985233872629	7158.13399984239	12.6	37.7	59.5	88.9	0	46.9	0	124.5	19.6	147.8	160	7.3	0	11.1	32.1	134.6	22.9	26.8	78
2553041	293476.705597181	7209116.89497174	293.476705597181	7209.11689497174	13	31.9	40.1	89.3	0	104.1	0	62.6	3.9	151.9	121	38.4	0	14.6	61.7	44	6.1	167.5	99.4
2553046	291616.454069518	7134845.80178823	291.616454069518	7134.84580178823	8.6	12.5	2.5	83.9	1.1	97.3	0	142.8	19.8	153	161.5	16.6	0	11.8	41.8	46.7	9.4	56.4	97.2
2553047	252094.022427249	7157436.79751832	252.094022427249	7157.43679751832	18	27	20	72	11.9	66.2	0	120.1	18	172.9	128.8	33	0	8	16	61	14.7	36.4	82.4
2553052	297272.157145195	7158204.30797907	297.272157145195	7158.20430797907	0	13.8	17.3	63.2	0	84.7	0	90.1	14.1	144.2	210.9	23.9	0	3.5	31.7	35.3	6.7	74.3	77.1
2553059	207642.545967286	7168728.27877624	207.642545967286	7168.72827877624	10.8	82.1	4	86.9	0	42.1	0	122.7	20.1	118.2	146.4	3.5	0	0	18	4.8	0	0.3	88.4
2554006	173873.956619881	7192345.59076806	173.873956619881	7192.34559076806	5.4	43	26.3	94.6	0	54.9	0	73.1	21.7	140.6	98.6	12.9	0	12.5	23.4	19.3	5.7	27.3	60.2
2554012	158011.404715564	7181968.01747838	158.011404715564	7181.96801747838	10.7	55.5	5.7	135.4	6.7	27.1	0	102.6	42.1	86.1	251.2	5.2	0	13.9	28.4	39.5	6	49.1	72.2
2554013	166091.615788425	7181062.57270744	166.091615788425	7181.06257270744	15.4	87.7	33.6	129	9.8	69.6	0	149.1	31	111	180.1	4.5	0	15.2	26.5	21.4	26.7	42.8	66.4
2554018	194169.016707697	7186168.70530443	194.169016707697	7186.16870530443	14	43.1	38.7	96.6	12.3	59.1	0	90.2	20.9	118.9	149.2	18.7	0	13.7	27.9	9.5	51.5	37	65.4
2554020	172169.38518708	7221141.14066828	172.16938518708	7221.14114066828	17	56.2	11	130	9.8	105.3	0	98	32.6	224.9	183.4	19.7	0	8.7	48.8	18.4	12.2	74.9	22.1
2554023	191246.562544977	7226022.65867807	191.246562544977	7226.02265867807	27.6	0	6.7	116.8	6.8	113.3	0	78.3	40.8	200.8	143	26.5	0	19.5	33.4	23.5	55	91	71.1
2554025	157083.416672448	7218550.98861437	157.083416672448	7218.55098861437	27.5	41.4	0	139.9	6.8	48.9	0	75.6	32.5	181.2	141.4	11.9	0	14.7	18.7	33.2	0	46	59.5
2554030	156636.792748712	7196353.98490072	156.636792748712	7196.35398490072	10.9	39	7.4	109.8	8.3	59.6	0	77.5	23.8	143.7	180.4	10.3	0	17.6	36.6	8.6	6.3	49.9	69.3
2649006	618986.571657494	7111590.41178962	618.986571657494	7111.59041178962	0	4.9	26.4	36.4	2.8	126.2	3.5	101.3	1.3	32.3	100	32.4	0	7.3	24.2	60.2	33.8	99.9	107.8
2649018	661932.660581611	7106695.32667441	661.932660581611	7106.69532667441	1.9	15.4	31.1	22.8	12.1	15.3	0	29.5	0	16	24.5	16.6	0	5	6.7	81.2	15	75.4	85.7
2649021	619996.757498367	7112688.83449233	619.996757498367	7112.68883449233	1.9	8.7	22.8	21.4	17.2	106.4	0	101.4	1.1	33.2	94.2	33.8	0	7.7	42.8	62.2	14.3	75.8	91.4
2651000	492009.439720806	7098842.24398152	492.009439720806	7098.84224398152	0	0	37.5	28.5	19.2	105.6	0	93.2	0	60.5	177.1	24.4	0	9.2	50.2	76.3	0	93.7	40.4
2651003	473068.814254955	7081096.75369004	473.068814254955	7081.09675369004	1.1	47.5	15.5	39.1	0	122.5	0	161.4	10.2	91	126.6	55.3	0.9	8.6	49.8	83.2	8.8	60.8	154.8
2651004	478014.665694078	7105470.89877862	478.014665694078	7105.47089877862	0.6	9.5	46.6	38.1	0.1	155.9	0	117.7	5.6	116.5	133.1	54.4	0	7.1	59	87.2	6.7	77.9	114.8
2651005	485992.678488022	7120986.33402836	485.992678488022	7120.98633402836	5	0	49.8	68.5	6.5	95.2	0	114.2	9.1	101.4	179.6	62.8	0	12.3	67.8	75.8	6.5	75.2	166
2651013	470025.076462492	7103239.95090738	470.025076462492	7103.23995090738	7.6	18.9	45.3	71	0	77.7	0	120.1	4	89.5	112.1	44.9	0	12.1	52.5	90.5	2	65	94.1
2651016	479992.921968011	7118763.62332739	479.992921968011	7118.76362332739	8.3	7.1	42.9	43.3	0	161.9	0	157.1	5.6	106.8	132.8	55.8	0	10.8	71.5	82.1	2.7	68.2	172.1
2651020	460019.707965984	7107642.93026782	460.019707965984	7107.64293026782	0	8.7	46.6	39.6	0	111.6	0	133.6	6	106.5	147.3	46.3	0	13	62.5	79.6	2.6	74.4	153.5
2651023	443013.23006587	7110902.0115457	443.01323006587	7110.9020115457	3.7	16.4	46.9	54.7	0	116.6	0	188.8	6.8	107.7	177.3	54.5	0	9.6	58.4	102.8	4.6	72	185.1
2651026	457142.747778193	7071085.7160101	457.142747778193	7071.0857160101	14.1	18.9	21.2	35.3	0	113.2	0	152.6	15.3	94.2	151.2	47.7	0	7.1	47.1	97.2	8.1	85.5	108.8
2651029	443164.435183413	7076569.1201537	443.164435183413	7076.5691201537	0	39.9	11.8	45.4	0	98.1	0	115.5	8.3	105.6	141.5	0	0	0	55.5	99.9	4.5	129.2	115.5
2651035	413204.952727009	7083047.24459109	413.204952727009	7083.04724459109	13.2	24.2	16.3	60.7	22.4	148.7	0	184.1	18.3	110.8	109.1	86.5	0	10	58.9	94	16.6	93.5	135.7
2651043	402322.99899688	7070784.93225353	402.32299899688	7070.78493225353	18.6	28.4	36.6	59.6	5.2	206.2	0	166	3.8	88.8	158.4	52	0	10.8	46	103.6	20	110.4	159.6
2651051	408980.998158524	7116246.39851743	408.980998158524	7116.24639851743	14	37.9	53.3	49	0	112.8	0	154.4	5.5	109.2	131.6	52.3	0	11	65.5	88	13.2	104.7	235.7
2652007	336901.234606914	7119975.55504561	336.901234606914	7119.97555504561	3.1	28.6	24.7	68.4	0	150.5	0	133.2	13.1	142.6	184.5	10.2	0	10.2	52.7	43.8	18.9	82.8	118.3
2652009	319918.198506074	7117536.4411639	319.918198506074	7117.5364411639	8.7	19.8	6.1	78.8	2.6	124.8	0	152.5	0	133.3	205.2	42.4	0	9.7	52.9	30.7	25.5	70.5	102.3
2652010	400329.469241267	7070769.5718606	400.329469241267	7070.7695718606	22.7	45.4	13.3	49.7	3.5	168	0	170.3	17.3	68.4	155.2	49.5	0	6.3	48.5	62.2	2.7	97.1	133
2652011	343334.613258084	7084602.06846964	343.334613258084	7084.60206846964	10.2	64.1	3.8	67.3	2.7	142.9	9.8	161.4	26.3	98.4	155.9	53.7	0	10.9	86.5	73.3	36.3	92.8	103.5
2652013	332183.51144339	7097757.10319382	332.18351144339	7097.75710319382	11	52.4	11.7	71.2	3.2	128.4	0	153.3	22	110.3	150.3	47.4	0	10	63.6	81	0	52.5	103.5
2652015	370202.181333687	7092655.29019275	370.202181333687	7092.65529019275	12	50.8	2	53	5	155	0	134	14	91	117.5	62	0	10.5	67	62.3	15	90.3	150.1
2652022	357025.491519975	7110241.20579484	357.025491519975	7110.24120579484	16.1	33.2	30.5	68.2	8.7	165.2	0	186.5	15.4	147	161.8	57.2	0	9.3	78.2	81.2	3.5	93.4	129.7
2652023	400243.415702266	7081845.62775552	400.243415702266	7081.84562775552	10.3	34.8	40.9	62.8	3.7	158.4	0	155.1	15.6	85	125.6	68.1	0	9	51.4	84.3	16.3	81.8	116.4
2652025	357110.812715745	7102487.49505831	357.110812715745	7102.48749505831	10.7	34.7	9.4	72.2	1.5	103.6	0	150.5	22.3	99.6	136.5	43.6	0	10	81.2	89.3	34.1	69.1	99
2652027	382033.491083521	7109384.31493904	382.033491083521	7109.38431493904	20.4	29.2	75.9	74.8	1	120.5	0	188.6	10	110.5	115.4	57.4	0	9.5	90.2	82.3	9.2	109.8	148.5
2652032	347974.108044378	7114569.9543043	347.974108044378	7114.5699543043	8.7	48.9	22.1	65.4	6	159.5	0	175.6	14.7	122.7	136.5	58.9	0	9.5	61.8	41	16.5	98.3	128.6
2652033	340176.079399451	7097858.24393805	340.176079399451	7097.85824393805	13	30.6	35.1	68.1	19.4	123.6	0	149.4	25.5	94.8	138.4	37.2	0	10.1	69.6	62.3	15.7	54.4	81.7
2652035	332025.858943241	7109942.42511683	332.025858943241	7109.94242511683	14	22	9.8	70.2	0.8	141.8	0.2	146.2	2.8	105.2	155	48.3	0	10	60.2	44.3	15.1	83.6	102.6
2653009	256848.57168095	7117621.9359736	256.84857168095	7117.6219359736	25.6	40.5	31.1	131	0	142.9	0	177.6	23	146.7	172.3	28.4	0	10.1	50.1	65.7	17.2	78.9	92.8
2653012	292951.916323303	7113811.8792776	292.951916323303	7113.8118792776	11.7	24.2	21	85.6	4.2	153.1	0	141.2	4.3	101.2	176.4	46.5	0	9.2	69.6	69.7	35.4	29.2	106
2653014	235005.943428797	7108327.60361404	235.005943428797	7108.32760361404	27	52.6	7.6	88	8.1	157.1	0	167.8	23.3	158.8	221.9	36.5	0	8.4	49.5	42.2	42.3	55.4	79.2
2653016	263895.530342023	7115534.53913032	263.895530342023	7115.53453913032	23	17.5	38.3	77.2	1	120.8	0	154	14.1	88.4	261.5	40.1	0	9.2	52.3	67.6	26.4	42.6	97.4
2653017	253992.040435246	7109809.09045294	253.992040435246	7109.80909045294	42.4	53	6.4	75.5	27.5	144.2	0	183.9	5.2	148.5	232.1	34.3	0	7.1	51.9	63.6	24.3	41.1	59.9
2653019	280226.498388254	7096979.25542486	280.226498388254	7096.97925542486	15.4	27.3	12	77	2	176.5	0	164.2	23	130.5	234.7	37	0	6.7	58.4	71.5	30.7	58.1	118
2653020	262137.239557518	7102201.61141182	262.137239557518	7102.20161141182	25.6	33.6	4.3	77.2	2	153.4	0.8	111	15.7	158	257.4	24	0	9.2	56.9	55.2	26	56.6	88
2653021	252224.002680035	7097581.99841447	252.224002680035	7097.58199841447	18.2	35.8	10.9	88.3	10.9	198.8	0	219.5	23.5	199.6	276.6	28.2	0	10.4	42	75.4	51.3	64.5	98.2
2653022	298195.474568692	7098380.0349476	298.195474568692	7098.3800349476	19.7	49	3.6	83.8	9	138.8	0	131.1	28.3	111.8	252.7	25.4	0	9.7	68.3	90.7	42.8	71.1	81
2653023	287166.691862693	7100419.94896541	287.166691862693	7100.41994896541	9.3	39.8	0	77	0	146.7	0	172.1	31.6	136.9	226	43.1	0	6.2	69	75.1	48.8	63.2	94.2
2653024	298074.773680367	7106135.25407271	298.074773680367	7106.13525407271	13	0	40.5	66	0	114.2	0	147.8	0	125	186.2	22	0	10	83.7	50.4	15.2	50.6	84.8
ECMWF1	320970.013820956	7427725.38105115	320.970013820956	7427.72538105115	11	34	29	61	6	80	1	26	12	105	36	8	0	2	36	167	2	93	132
ECMWF2	321305.607023802	7400040.22659616	321.305607023802	7400.04022659616	24	35	39	56	7	70	1	28	10	102	59	18	0	2	47	139	0	96	146
ECMWF3	321644.594724486	7372354.26697182	321.644594724486	7372.35426697182	45	31	43	52	6	53	0	27	12	121	58	28	0	1	46	138	0	119	132
ECMWF4	194185.161406189	7370225.01742468	194.185161406189	7370.22501742468	25	40	18	45	7	56	1	37	15	106	83	12	0	2	54	182	1	75	124
ECMWF5	321986.970746778	7344667.49561165	321.986970746778	7344.66749561165	26	32	46	54	4	53	0	33	18	131	59	30	0	2	39	155	1	110	138
ECMWF6	448758.781655295	7456392.87444462	448.758781655295	7456.39287444462	9	13	8	96	7	60	3	19	34	62	30	3	0	1	22	198	3	64	138
ECMWF7	448853.638025749	7428716.77497807	448.853638025749	7428.71677497807	9	17	9	64	7	81	0	21	28	80	26	4	0	1	29	186	1	96	127
ECMWF8	219150.459417363	7398439.69174523	219.150459417363	7398.43969174523	35	25	31	50	5	72	1	34	12	113	50	20	0	2	48	144	1	80	118
ECMWF9	448949.465692509	7401039.801692	448.949465692509	7401.039801692	11	19	11	78	5	75	0	22	24	89	38	8	0	1	37	182	3	77	149
ECMWF10	219683.651216475	7370740.75970427	219.683651216475	7370.74075970427	34	40	33	58	5	62	0	34	15	156	85	18	0	2	67	217	2	79	146
ECMWF11	220222.170067951	7343041.13858918	220.222170067951	7343.04113858918	35	55	32	62	3	61	0	41	22	158	140	11	0	2	67	220	4	91	137
ECMWF12	346265.425863041	7455693.8139859	346.265425863041	7455.6938139859	17	28	49	63	3	68	1	20	14	71	31	4	0	1	30	182	1	81	132
ECMWF13	346550.11399844	7428011.84348901	346.55011399844	7428.01184348901	16	41	34	62	6	83	1	24	16	97	30	10	0	1	34	159	2	109	154
ECMWF14	346837.716677227	7400329.05269133	346.837716677227	7400.32905269133	24	37	53	61	8	63	0	25	10	107	42	19	0	2	46	136	2	102	166
ECMWF15	347128.228667181	7372645.4347861	347.128228667181	7372.6454347861	33	38	36	56	12	58	0	24	12	119	58	24	0	1	41	141	1	134	166
ECMWF16	347421.644681849	7344960.9830284	347.421644681849	7344.9609830284	24	34	41	52	7	62	0	26	15	133	82	29	0	2	40	162	1	135	181
ECMWF17	243739.306588707	7454294.81363173	243.739306588707	7454.29481363173	9	13	21	46	4	81	1	38	10	90	36	10	0	0	26	162	1	72	127
ECMWF18	244214.183886691	7426601.09782564	244.214183886691	7426.60109782564	21	17	22	42	5	70	0	23	8	92	50	16	0	0	34	134	2	87	106
ECMWF19	244693.920937735	7398906.66892623	244.693920937735	7398.90666892623	22	21	38	47	4	72	0	25	12	142	68	22	0	1	54	142	1	90	139
ECMWF20	245178.508960508	7371211.52101322	245.178508960508	7371.21152101322	16	38	41	56	3	57	0	30	14	146	78	23	0	1	65	218	2	72	142
ECMWF21	245667.939083001	7343515.64822003	245.667939083001	7343.51564822003	22	43	47	58	3	58	0	42	19	161	102	18	0	2	60	221	3	76	135
ECMWF22	474426.987754108	7428782.84722869	474.426987754108	7428.78284722869	9	15	9	57	5	77	1	21	33	78	13	4	0	1	29	199	4	63	109
ECMWF23	371890.982869963	7455934.14906916	371.890982869963	7455.93414906916	22	30	31	69	3	68	1	23	22	62	27	4	0	0	27	162	1	75	127
ECMWF24	372128.188881252	7428254.19686115	372.128188881252	7428.25419686115	23	34	30	75	6	84	1	21	19	89	32	8	0	1	36	167	1	109	152
ECMWF25	372367.823491235	7400573.4059489	372.367823491235	7400.5734059489	23	34	28	72	8	71	0	24	14	90	43	15	0	1	37	141	1	114	182
ECMWF26	372609.882344959	7372891.76937329	372.609882344959	7372.89176937329	30	36	30	61	11	53	1	25	14	111	46	28	0	1	37	148	2	128	178
ECMWF27	372854.361042303	7345209.28023846	372.854361042303	7345.20928023846	27	28	43	53	6	48	0	27	15	130	72	33	0	1	42	150	0	128	182
ECMWF28	269802.386612874	7427020.03583273	269.802386612874	7427.02003583273	11	21	27	50	6	77	0	30	8	84	46	22	0	1	35	151	3	91	115
ECMWF29	270234.043242697	7399329.06242294	270.234043242697	7399.32906242294	19	22	35	50	5	73	1	24	11	117	64	26	0	1	50	140	2	107	133
ECMWF30	270670.065180814	7371637.33788546	270.670065180814	7371.63733788546	19	36	52	58	4	56	1	30	14	142	68	29	0	1	60	194	2	78	142
ECMWF31	271110.444458793	7343944.85609295	271.110444458793	7343.94485609295	11	41	41	53	3	50	0	41	18	156	82	22	0	1	52	208	1	82	139
ECMWF32	397514.833631376	7456130.7611091	397.514833631376	7456.1307611091	17	19	15	75	6	72	2	19	26	55	23	2	0	0	22	158	1	73	108
ECMWF33	397704.57612321	7428452.46013314	397.70457612321	7428.45246013314	16	29	20	81	7	78	2	23	18	81	26	7	0	1	37	152	3	112	144
ECMWF34	295387.550626493	7427394.78712613	295.387550626493	7427.39478712613	12	22	31	56	5	81	0	29	10	92	44	16	0	1	35	182	2	110	137
ECMWF35	295771.160560815	7399706.90516379	295.771160560815	7399.70690516379	25	35	39	53	5	73	0	28	11	120	61	25	0	1	45	143	1	107	138
ECMWF36	296158.650318739	7372018.24335707	296.158650318739	7372.01824335707	34	38	43	49	3	58	0	34	13	124	57	29	0	1	47	149	1	97	136
ECMWF37	296550.012830235	7344328.79534533	296.550012830235	7344.32879534533	27	31	45	51	3	48	0	41	17	131	57	26	0	1	47	161	1	102	139
ECMWF38	423137.319468744	7456283.66556146	423.137319468744	7456.28366556146	12	20	13	93	5	55	2	18	31	68	27	2	0	1	21	168	2	90	120
ECMWF39	423279.613321034	7428606.64881784	423.279613321034	7428.60664881784	11	24	19	87	8	89	1	23	21	85	29	5	0	0	30	174	1	116	146
